DataFiles/etopo1_-130_-124_38_45_1min.asc
ncols        391
nrows        421
xllcorner    -130.000000000000
yllcorner    38.000000000000
cellsize     0.016666666667
nodata_value    -99999
[rows 280 to 314 of 421, columns 237 to 315 of 391]
-3367 -3352 -3341 -3315 -3276 -3215 -3148 -3074 -3005 -2943 -2892 -2848 -2807 -2770 -2736 -2703 -2670 -2638 -2612 -2589 -2572 -2558 -2550 -2545 -2544 -2545 -2547 -2548 -2550 -2552 -2553 -2553 -2547 -2539 -2523 -2502 -2475 -2445 -2411 -2373 -2328 -2274 -2212 -2141 -2059 -1975 -1887 -1812 -1763 -1728 -1705 -1684 -1662 -1640 -1619 -1601 -1583 -1565 -1549 -1518 -1474 -1408 -1353 -1233 -1120 -1021 -942 -878 -820 -859 -920 -890 -903 -949 -1115 -1210 -1257 -1308 -1331
-3638 -3618 -3594 -3559 -3513 -3434 -3338 -3236 -3150 -3073 -3004 -2942 -2893 -2844 -2801 -2761 -2723 -2690 -2659 -2632 -2609 -2592 -2577 -2568 -2560 -2555 -2550 -2548 -2545 -2542 -2534 -2528 -2516 -2503 -2481 -2457 -2427 -2394 -2355 -2310 -2256 -2195 -2121 -2040 -1940 -1827 -1693 -1567 -1516 -1495 -1476 -1460 -1438 -1413 -1386 -1369 -1356 -1338 -1325 -1298 -1279 -1229 -1176 -1166 -1114 -998 -949 -895 -814 -804 -789 -728 -684 -642 -535 -566 -794 -921 -1035
-3868 -3839 -3818 -3790 -3752 -3694 -3536 -3400 -3284 -3186 -3103 -3030 -2990 -2953 -2915 -2848 -2773 -2708 -2650 -2605 -2570 -2555 -2545 -2538 -2523 -2505 -2479 -2458 -2431 -2416 -2396 -2390 -2374 -2356 -2319 -2285 -2231 -2183 -2163 -2213 -2195 -2127 -2047 -1955 -1842 -1707 -1481 -1438 -1416 -1392 -1380 -1355 -1325 -1278 -1260 -1243 -1233 -1225 -1206 -1193 -1134 -1080 -1043 -1042 -1106 -1086 -1056 -1009 -933 -823 -776 -722 -614 -506 -444 -411 -375 -394 -443
-3898 -3875 -3846 -3817 -3782 -3761 -3712 -3532 -3390 -3284 -3192 -3111 -3061 -3048 -3034 -2929 -2816 -2722 -2637 -2579 -2525 -2524 -2518 -2520 -2498 -2478 -2426 -2402 -2339 -2328 -2277 -2288 -2254 -2245 -2180 -2155 -2065 -2004 -1954 -2194 -2145 -2071 -1985 -1883 -1761 -1623 -1475 -1445 -1416 -1392 -1373 -1346 -1297 -1271 -1259 -1240 -1221 -1210 -1185 -1154 -1110 -1072 -1046 -1020 -1000 -973 -913 -856 -833 -817 -798 -773 -647 -578 -539 -516 -488 -455 -427
-3902 -3883 -3853 -3829 -3800 -3783 -3743 -3631 -3480 -3361 -3265 -3182 -3126 -3104 -3067 -2976 -2861 -2760 -2676 -2612 -2570 -2563 -2565 -2565 -2553 -2536 -2508 -2477 -2436 -2398 -2360 -2337 -2312 -2288 -2245 -2191 -2110 -2033 -2031 -2153 -2104 -2029 -1943 -1842 -1711 -1566 -1510 -1475 -1442 -1406 -1377 -1346 -1306 -1276 -1258 -1235 -1216 -1194 -1164 -1134 -1100 -1066 -1046 -1027 -1003 -978 -935 -885 -848 -826 -808 -781 -761 -639 -593 -568 -566 -557 -542
-3912 -3889 -3866 -3842 -3810 -3798 -3779 -3658 -3533 -3423 -3327 -3241 -3181 -3151 -3102 -3017 -2906 -2820 -2747 -2692 -2660 -2665 -2671 -2670 -2658 -2652 -2647 -2621 -2600 -2546 -2512 -2473 -2449 -2420 -2387 -2321 -2255 -2146 -2089 -2125 -2075 -2001 -1917 -1816 -1691 -1576 -1537 -1504 -1464 -1434 -1397 -1360 -1320 -1287 -1261 -1241 -1217 -1186 -1158 -1129 -1102 -1072 -1048 -1028 -1009 -979 -949 -910 -871 -837 -809 -785 -784 -761 -668 -630 -609 -611 -640
-3922 -3900 -3876 -3863 -3827 -3816 -3770 -3678 -3572 -3471 -3378 -3291 -3243 -3210 -3156 -3075 -2983 -2898 -2834 -2795 -2788 -2805 -2823 -2812 -2793 -2784 -2777 -2757 -2725 -2677 -2637 -2610 -2591 -2552 -2502 -2428 -2346 -2247 -2164 -2105 -2056 -1984 -1902 -1815 -1715 -1621 -1563 -1529 -1494 -1462 -1422 -1386 -1344 -1308 -1284 -1260 -1224 -1189 -1167 -1135 -1110 -1077 -1054 -1031 -1009 -987 -966 -933 -897 -864 -834 -811 -795 -787 -764 -702 -669 -646 -641
-3946 -3928 -3908 -3895 -3870 -3842 -3774 -3694 -3601 -3508 -3419 -3339 -3332 -3274 -3213 -3131 -3057 -2972 -2916 -2888 -2904 -2934 -2979 -2953 -2925 -2912 -2899 -2867 -2827 -2770 -2723 -2699 -2690 -2623 -2564 -2472 -2392 -2298 -2207 -2074 -2043 -1974 -1901 -1825 -1743 -1665 -1590 -1551 -1523 -1484 -1447 -1409 -1376 -1341 -1306 -1278 -1247 -1207 -1179 -1149 -1117 -1086 -1059 -1039 -1007 -995 -983 -957 -925 -897 -869 -845 -828 -814 -799 -775 -739 -720 -756
-3948 -3933 -3917 -3911 -3874 -3860 -3795 -3717 -3631 -3537 -3453 -3369 -3346 -3301 -3237 -3167 -3095 -3027 -2975 -2956 -2969 -3010 -3049 -3058 -3047 -3025 -2992 -2945 -2889 -2825 -2765 -2715 -2663 -2592 -2513 -2435 -2359 -2282 -2194 -2096 -2028 -1976 -1907 -1837 -1768 -1697 -1626 -1577 -1547 -1512 -1472 -1434 -1400 -1370 -1337 -1307 -1272 -1235 -1198 -1164 -1128 -1099 -1071 -1047 -1026 -1006 -1001 -982 -955 -930 -900 -880 -864 -850 -843 -840 -830 -850 -802
-3941 -3924 -3914 -3907 -3882 -3866 -3831 -3740 -3656 -3564 -3478 -3395 -3356 -3312 -3258 -3208 -3141 -3087 -3035 -3024 -3025 -3072 -3108 -3142 -3147 -3117 -3066 -3001 -2927 -2850 -2772 -2693 -2606 -2527 -2434 -2374 -2302 -2243 -2173 -2106 -2047 -1974 -1917 -1853 -1788 -1724 -1659 -1604 -1576 -1542 -1503 -1471 -1431 -1396 -1368 -1335 -1304 -1257 -1215 -1179 -1146 -1116 -1086 -1062 -1044 -1029 -1021 -1008 -985 -963 -945 -924 -908 -897 -894 -895 -923 -859 -817
-3942 -3926 -3907 -3903 -3889 -3862 -3850 -3772 -3681 -3590 -3504 -3420 -3345 -3322 -3317 -3282 -3228 -3176 -3139 -3127 -3136 -3163 -3194 -3218 -3219 -3188 -3127 -3044 -2951 -2861 -2770 -2676 -2582 -2498 -2419 -2348 -2280 -2213 -2150 -2091 -2029 -1958 -1929 -1870 -1810 -1750 -1690 -1632 -1600 -1571 -1536 -1498 -1461 -1426 -1390 -1358 -1322 -1281 -1234 -1192 -1163 -1133 -1108 -1083 -1064 -1053 -1046 -1037 -1016 -995 -978 -967 -959 -947 -929 -917 -914 -871 -851
-3934 -3915 -3901 -3886 -3878 -3859 -3848 -3804 -3706 -3613 -3526 -3441 -3361 -3320 -3389 -3360 -3317 -3269 -3243 -3234 -3248 -3257 -3276 -3282 -3275 -3239 -3176 -3080 -2972 -2878 -2780 -2680 -2583 -2502 -2430 -2345 -2269 -2190 -2123 -2070 -2021 -1976 -1943 -1888 -1831 -1775 -1719 -1663 -1628 -1592 -1559 -1526 -1488 -1450 -1411 -1377 -1337 -1303 -1258 -1216 -1182 -1154 -1131 -1110 -1095 -1085 -1077 -1068 -1053 -1040 -1022 -1010 -1005 -997 -988 -954 -924 -887 -876
-3921 -3908 -3889 -3880 -3871 -3860 -3849 -3834 -3727 -3629 -3539 -3452 -3370 -3315 -3389 -3406 -3376 -3343 -3321 -3314 -3318 -3324 -3329 -3326 -3309 -3269 -3205 -3116 -3016 -2918 -2818 -2716 -2617 -2530 -2443 -2344 -2248 -2166 -2103 -2054 -2016 -1989 -1959 -1906 -1853 -1799 -1745 -1689 -1662 -1623 -1584 -1546 -1509 -1473 -1437 -1390 -1353 -1317 -1283 -1245 -1211 -1184 -1161 -1140 -1129 -1120 -1109 -1100 -1092 -1081 -1068 -1063 -1063 -1041 -1007 -981 -954 -910 -892
-3900 -3890 -3879 -3863 -3855 -3850 -3841 -3837 -3743 -3638 -3547 -3462 -3380 -3322 -3442 -3458 -3422 -3402 -3381 -3372 -3368 -3368 -3364 -3353 -3329 -3287 -3228 -3151 -3067 -2981 -2887 -2787 -2679 -2591 -2486 -2362 -2235 -2150 -2091 -2049 -2018 -2002 -1975 -1926 -1876 -1825 -1772 -1720 -1690 -1653 -1610 -1570 -1531 -1489 -1452 -1416 -1380 -1344 -1307 -1276 -1242 -1216 -1195 -1180 -1171 -1160 -1147 -1136 -1129 -1126 -1149 -1182 -1074 -1048 -1027 -1010 -989 -958 -920
-3872 -3875 -3869 -3855 -3849 -3841 -3838 -3834 -3742 -3637 -3545 -3459 -3377 -3323 -3472 -3521 -3497 -3466 -3440 -3422 -3410 -3402 -3392 -3371 -3339 -3297 -3245 -3186 -3124 -3063 -2989 -2893 -2788 -2686 -2567 -2413 -2261 -2155 -2090 -2060 -2045 -2024 -1993 -1948 -1900 -1850 -1800 -1749 -1716 -1684 -1649 -1601 -1555 -1521 -1481 -1445 -1404 -1370 -1340 -1313 -1289 -1265 -1247 -1230 -1218 -1205 -1202 -1201 -1180 -1195 -1169 -1118 -1085 -1066 -1054 -1044 -1032 -1007 -974
-3836 -3857 -3856 -3848 -3833 -3823 -3817 -3820 -3717 -3625 -3539 -3456 -3377 -3431 -3590 -3589 -3552 -3519 -3490 -3465 -3444 -3430 -3413 -3382 -3346 -3308 -3266 -3226 -3182 -3150 -3101 -3003 -2894 -2788 -2671 -2489 -2310 -2191 -2109 -2081 -2076 -2048 -2015 -1971 -1925 -1877 -1826 -1775 -1745 -1709 -1675 -1630 -1587 -1552 -1521 -1478 -1440 -1402 -1372 -1350 -1333 -1320 -1305 -1291 -1284 -1281 -1268 -1247 -1240 -1213 -1156 -1133 -1113 -1099 -1095 -1092 -1115 -1063 -1027
-3796 -3837 -3844 -3839 -3826 -3814 -3809 -3791 -3690 -3604 -3524 -3445 -3369 -3458 -3579 -3610 -3587 -3558 -3530 -3504 -3478 -3452 -3424 -3390 -3355 -3326 -3301 -3278 -3255 -3225 -3176 -3087 -2979 -2861 -2729 -2573 -2414 -2275 -2168 -2105 -2077 -2065 -2037 -1998 -1955 -1907 -1852 -1803 -1772 -1736 -1696 -1660 -1623 -1588 -1561 -1528 -1480 -1443 -1414 -1389 -1375 -1362 -1370 -1359 -1345 -1346 -1301 -1263 -1243 -1222 -1187 -1165 -1151 -1147 -1147 -1140 -1147 -1093 -1070
-3746 -3802 -3818 -3822 -3817 -3813 -3803 -3736 -3667 -3580 -3503 -3428 -3358 -3457 -3586 -3622 -3599 -3582 -3560 -3534 -3507 -3473 -3437 -3403 -3371 -3353 -3340 -3327 -3313 -3277 -3229 -3140 -3037 -2915 -2785 -2659 -2530 -2379 -2246 -2144 -2081 -2088 -2063 -2028 -1990 -1945 -1894 -1828 -1798 -1762 -1715 -1696 -1656 -1623 -1593 -1560 -1524 -1485 -1454 -1432 -1433 -1427 -1409 -1379 -1367 -1360 -1334 -1303 -1292 -1266 -1239 -1210 -1200 -1225 -1233 -1258 -1148 -1111 -1075
-3734 -3767 -3797 -3804 -3808 -3805 -3799 -3712 -3635 -3556 -3479 -3408 -3352 -3466 -3605 -3644 -3622 -3598 -3577 -3554 -3527 -3495 -3461 -3431 -3406 -3390 -3378 -3362 -3338 -3297 -3240 -3166 -3072 -2963 -2848 -2739 -2622 -2481 -2339 -2222 -2140 -2104 -2091 -2061 -2028 -1990 -1944 -1872 -1843 -1803 -1784 -1729 -1700 -1680 -1698 -1682 -1588 -1547 -1506 -1496 -1472 -1440 -1414 -1388 -1370 -1366 -1359 -1365 -1360 -1321 -1297 -1276 -1295 -1276 -1259 -1202 -1153 -1124 -1091
-3734 -3753 -3774 -3767 -3780 -3788 -3775 -3672 -3599 -3527 -3456 -3385 -3343 -3511 -3670 -3667 -3626 -3605 -3588 -3570 -3546 -3519 -3489 -3464 -3445 -3430 -3414 -3390 -3354 -3312 -3251 -3200 -3117 -3022 -2911 -2820 -2719 -2588 -2450 -2341 -2244 -2191 -2120 -2098 -2073 -2044 -2012 -1964 -1897 -1854 -1815 -1780 -1766 -1773 -1687 -1646 -1600 -1566 -1526 -1498 -1477 -1447 -1424 -1404 -1392 -1386 -1385 -1439 -1457 -1395 -1374 -1366 -1331 -1266 -1245 -1201 -1166 -1133 -1110
-3809 -3800 -3801 -3797 -3793 -3792 -3782 -3757 -3725 -3689 -3650 -3608 -3566 -3598 -3656 -3659 -3632 -3612 -3600 -3588 -3570 -3545 -3519 -3497 -3481 -3468 -3450 -3419 -3382 -3348 -3311 -3266 -3200 -3104 -2999 -2904 -2809 -2703 -2597 -2503 -2425 -2364 -2336 -2287 -2235 -2180 -2116 -2048 -1990 -1959 -1891 -1897 -1844 -1786 -1692 -1670 -1638 -1594 -1569 -1535 -1501 -1476 -1450 -1428 -1421 -1418 -1428 -1503 -1526 -1472 -1426 -1350 -1306 -1272 -1240 -1205 -1179 -1153 -1129
-3688 -3695 -3699 -3856 -3849 -3838 -3826 -3811 -3790 -3763 -3732 -3701 -3690 -3667 -3660 -3649 -3627 -3618 -3610 -3602 -3592 -3567 -3542 -3522 -3508 -3497 -3481 -3444 -3407 -3386 -3371 -3332 -3283 -3181 -3077 -2989 -2903 -2817 -2736 -2661 -2605 -2515 -2451 -2398 -2344 -2282 -2220 -2145 -2126 -2071 -2101 -1970 -1863 -1814 -1770 -1713 -1679 -1649 -1606 -1568 -1536 -1514 -1487 -1462 -1455 -1458 -1479 -1597 -1609 -1461 -1395 -1357 -1316 -1277 -1242 -1214 -1194 -1168 -1154
-3665 -3643 -3710 -3904 -3891 -3875 -3859 -3839 -3816 -3791 -3761 -3731 -3712 -3693 -3675 -3657 -3639 -3626 -3617 -3608 -3596 -3576 -3556 -3539 -3525 -3511 -3490 -3457 -3427 -3410 -3392 -3355 -3300 -3225 -3146 -3069 -2993 -2913 -2837 -2766 -2694 -2604 -2517 -2468 -2419 -2369 -2326 -2310 -2273 -2190 -2110 -2030 -1984 -1943 -1867 -1796 -1735 -1694 -1664 -1635 -1580 -1536 -1518 -1508 -1503 -1517 -1630 -1662 -1591 -1447 -1397 -1358 -1319 -1287 -1260 -1236 -1213 -1193 -1173
-3688 -3624 -3656 -3951 -3933 -3914 -3894 -3871 -3847 -3820 -3787 -3733 -3694 -3691 -3687 -3667 -3649 -3632 -3618 -3606 -3593 -3577 -3559 -3544 -3530 -3513 -3492 -3461 -3432 -3419 -3399 -3352 -3291 -3237 -3185 -3123 -3065 -2985 -2907 -2837 -2758 -2670 -2587 -2543 -2499 -2457 -2423 -2407 -2269 -2212 -2177 -2121 -2102 -2019 -1940 -1886 -1841 -1792 -1742 -1676 -1642 -1616 -1572 -1559 -1564 -1646 -1742 -1550 -1526 -1453 -1403 -1368 -1342 -1306 -1280 -1256 -1235 -1213 -1201
-3679 -3640 -3730 -3998 -3976 -3954 -3931 -3906 -3877 -3786 -3739 -3709 -3690 -3683 -3677 -3663 -3646 -3628 -3613 -3599 -3586 -3572 -3557 -3541 -3525 -3506 -3483 -3457 -3434 -3419 -3393 -3341 -3280 -3228 -3183 -3137 -3088 -3029 -2966 -2902 -2826 -2737 -2658 -2620 -2580 -2533 -2475 -2438 -2327 -2270 -2238 -2287 -2204 -2092 -2013 -1953 -1908 -1878 -1812 -1730 -1702 -1664 -1644 -1654 -1797 -1813 -1587 -1548 -1518 -1462 -1417 -1383 -1361 -1329 -1303 -1280 -1259 -1242 -1228
-3694 -3641 -3650 -3816 -3900 -3974 -3783 -3741 -3665 -3678 -3674 -3675 -3676 -3668 -3659 -3647 -3632 -3617 -3602 -3589 -3576 -3564 -3550 -3534 -3515 -3497 -3475 -3451 -3428 -3414 -3390 -3332 -3264 -3214 -3169 -3135 -3099 -3060 -3016 -2972 -2909 -2815 -2728 -2696 -2660 -2619 -2569 -2474 -2419 -2386 -2424 -2423 -2263 -2167 -2107 -2045 -1994 -1952 -1903 -1879 -1870 -1855 -2049 -2014 -1877 -1660 -1608 -1560 -1526 -1480 -1441 -1406 -1382 -1349 -1325 -1304 -1290 -1272 -1258
-3687 -3648 -3645 -3701 -3768 -3797 -3717 -3660 -3622 -3621 -3626 -3635 -3642 -3641 -3636 -3625 -3613 -3601 -3590 -3578 -3567 -3554 -3541 -3525 -3508 -3491 -3471 -3449 -3428 -3408 -3378 -3327 -3268 -3214 -3171 -3145 -3121 -3098 -3073 -3049 -2998 -2899 -2801 -2772 -2743 -2712 -2681 -2609 -2513 -2515 -2581 -2504 -2313 -2293 -2255 -2163 -2125 -2068 -2064 -2154 -2216 -2200 -2078 -1779 -1723 -1689 -1643 -1609 -1548 -1495 -1460 -1422 -1392 -1374 -1348 -1331 -1310 -1291 -1279
-3684 -3654 -3641 -3640 -3647 -3667 -3651 -3638 -3633 -3609 -3597 -3601 -3607 -3609 -3607 -3596 -3587 -3577 -3571 -3560 -3553 -3540 -3528 -3514 -3501 -3486 -3470 -3449 -3426 -3404 -3373 -3324 -3275 -3228 -3191 -3181 -3166 -3153 -3131 -3129 -3097 -2978 -2872 -2847 -2826 -2803 -2769 -2750 -2666 -2683 -2658 -2502 -2444 -2349 -2290 -2204 -2237 -2379 -2450 -2375 -2267 -2028 -1886 -1830 -1779 -1773 -1733 -1629 -1563 -1514 -1480 -1445 -1420 -1387 -1369 -1350 -1336 -1322 -1307
-3685 -3655 -3635 -3623 -3621 -3626 -3634 -3637 -3632 -3610 -3590 -3582 -3580 -3578 -3572 -3562 -3552 -3545 -3539 -3533 -3526 -3517 -3508 -3500 -3490 -3480 -3467 -3450 -3430 -3404 -3368 -3319 -3276 -3255 -3250 -3249 -3245 -3231 -3215 -3198 -3141 -3021 -2939 -2923 -2909 -2901 -2902 -2917 -2858 -2746 -2555 -2472 -2401 -2310 -2318 -2415 -2606 -2529 -2309 -2209 -2101 -2011 -1952 -1923 -1864 -1779 -1692 -1626 -1572 -1526 -1491 -1466 -1443 -1413 -1393 -1378 -1362 -1347 -1330
-3685 -3653 -3633 -3629 -3637 -3634 -3642 -3644 -3639 -3617 -3592 -3580 -3570 -3561 -3547 -3539 -3526 -3521 -3512 -3509 -3502 -3497 -3490 -3485 -3480 -3473 -3464 -3452 -3434 -3409 -3374 -3322 -3277 -3286 -3312 -3316 -3322 -3300 -3279 -3253 -3194 -3028 -3007 -2995 -2986 -2985 -2993 -2985 -2811 -2730 -2619 -2614 -2752 -2865 -2760 -2609 -2357 -2245 -2229 -2103 -2037 -1961 -1916 -1859 -1796 -1732 -1682 -1620 -1567 -1539 -1507 -1483 -1456 -1443 -1420 -1403 -1387 -1367 -1356
-3680 -3653 -3638 -3639 -3646 -3648 -3652 -3653 -3647 -3630 -3610 -3594 -3581 -3566 -3550 -3540 -3530 -3520 -3511 -3504 -3497 -3490 -3482 -3477 -3473 -3468 -3462 -3452 -3438 -3417 -3385 -3343 -3312 -3316 -3335 -3345 -3347 -3338 -3317 -3273 -3191 -3079 -3068 -3061 -3056 -3052 -3043 -3035 -2967 -2981 -2975 -2981 -2971 -2751 -2340 -2254 -2132 -2083 -2060 -2031 -1995 -1936 -1913 -1859 -1803 -1753 -1683 -1617 -1575 -1548 -1519 -1494 -1476 -1449 -1437 -1423 -1407 -1389 -1375
-3681 -3658 -3648 -3653 -3661 -3665 -3664 -3666 -3662 -3647 -3629 -3614 -3602 -3582 -3565 -3554 -3548 -3534 -3522 -3512 -3504 -3492 -3482 -3476 -3471 -3467 -3461 -3451 -3440 -3426 -3407 -3372 -3345 -3345 -3353 -3357 -3352 -3354 -3337 -3284 -3216 -3132 -3124 -3118 -3120 -3126 -3134 -3126 -3064 -3035 -3020 -2865 -2689 -2536 -2411 -2330 -2237 -2068 -2058 -2039 -1992 -1938 -1937 -1932 -1881 -1778 -1707 -1638 -1586 -1561 -1539 -1505 -1492 -1470 -1451 -1436 -1430 -1412 -1400
-3694 -3675 -3669 -3674 -3683 -3686 -3684 -3682 -3676 -3662 -3645 -3630 -3615 -3597 -3582 -3571 -3562 -3550 -3538 -3525 -3514 -3502 -3491 -3484 -3478 -3472 -3463 -3451 -3440 -3431 -3420 -3400 -3383 -3377 -3375 -3372 -3368 -3365 -3345 -3295 -3230 -3181 -3173 -3170 -3177 -3189 -3215 -3197 -3159 -3092 -3025 -2925 -2809 -2704 -2595 -2451 -2330 -2239 -2170 -2097 -2039 -2055 -1937 -1917 -1883 -1825 -1761 -1650 -1609 -1564 -1552 -1535 -1504 -1490 -1473 -1454 -1443 -1436 -1422
-3718 -3703 -3694 -3699 -3708 -3706 -3703 -3698 -3691 -3676 -3659 -3645 -3629 -3612 -3597 -3587 -3579 -3568 -3555 -3541 -3528 -3516 -3506 -3498 -3491 -3482 -3471 -3456 -3442 -3441 -3438 -3428 -3416 -3410 -3404 -3395 -3385 -3385 -3370 -3328 -3263 -3224 -3215 -3212 -3217 -3230 -3240 -3215 -3166 -3140 -3098 -3037 -3014 -2947 -2755 -2665 -2526 -2394 -2283 -2225 -2163 -2135 -1952 -1731 -1712 -1763 -1744 -1681 -1630 -1591 -1563 -1554 -1530 -1509 -1496 -1484 -1468 -1457 -1450
-3758 -3741 -3727 -3723 -3723 -3720 -3715 -3710 -3702 -3690 -3675 -3660 -3644 -3627 -3613 -3603 -3595 -3585 -3573 -3559 -3546 -3534 -3524 -3515 -3506 -3496 -3484 -3470 -3460 -3459 -3459 -3455 -3448 -3443 -3436 -3426 -3419 -3418 -3414 -3395 -3343 -3261 -3251 -3244 -3240 -3239 -3237 -3222 -3185 -3168 -3151 -3123 -3056 -3009 -2915 -2879 -2813 -2542 -2443 -2358 -2282 -2238 -1979 -1826 -1650 -1708 -1797 -1718 -1676 -1625 -1594 -1577 -1562 -1541 -1527 -1514 -1504 -1499 -1495
