DataFiles/etopo1_-126_-123_40_45_1min.asc
ncols        181
nrows        301
xllcorner    -125.783560000000
yllcorner    39.645260000000
cellsize     0.016666666667
nodata_value    -99999
[rows 114 to 151 of 301, columns 0 to 84 of 181]
-2643 -2770 -2803 -2847 -2910 -3054 -3070 -3071 -3075 -3076 -3074 -3074 -3075 -3077 -3077 -3077 -3078 -3076 -3077 -3077 -3078 -3078 -3078 -3079 -3081 -3082 -3083 -3085 -3085 -3086 -3085 -3083 -3082 -3081 -3070 -3039 -3006 -2735 -2495 -2295 -2126 -1937 -1569 -1431 -1398 -1396 -1384 -1371 -1349 -1137 -1058 -857 -641 -530 -444 -414 -448 -456 -477 -473 -456 -469 -424 -383 -228 -156 -128 -106 -92 -71 -74 -70 -55 -41 -34 -24 -2 25 62 77 110 195 104 324 483
-2611 -2657 -2720 -2765 -2811 -2961 -3061 -3069 -3074 -3073 -3073 -3075 -3074 -3077 -3077 -3077 -3078 -3077 -3077 -3078 -3078 -3079 -3078 -3079 -3081 -3082 -3084 -3084 -3084 -3085 -3085 -3082 -3082 -3080 -3072 -3057 -3038 -2785 -2504 -2267 -2138 -1947 -1581 -1433 -1401 -1363 -1326 -1330 -1305 -1123 -995 -815 -652 -578 -551 -539 -534 -520 -490 -476 -509 -500 -437 -339 -214 -181 -160 -124 -105 -101 -87 -80 -77 -71 -47 -35 -27 -13 -6 44 121 262 249 196 371
-2502 -2579 -2623 -2679 -2765 -2890 -2950 -3068 -3074 -3071 -3068 -3073 -3073 -3076 -3076 -3077 -3079 -3077 -3077 -3078 -3079 -3079 -3079 -3079 -3081 -3082 -3084 -3085 -3085 -3085 -3085 -3081 -3080 -3074 -3073 -3048 -3043 -2734 -2484 -2246 -2151 -2061 -1496 -1373 -1280 -1251 -1234 -1223 -1216 -1183 -970 -844 -729 -594 -561 -548 -617 -629 -520 -539 -542 -521 -438 -284 -226 -187 -165 -150 -120 -110 -100 -94 -86 -80 -75 -62 -39 -31 -23 -2 133 235 347 281 189
-2874 -2616 -2569 -2617 -2727 -2820 -2865 -3066 -3072 -2975 -3054 -3073 -3073 -3076 -3076 -3078 -3079 -3077 -3077 -3078 -3079 -3079 -3079 -3079 -3082 -3082 -3084 -3086 -3086 -3085 -3084 -3082 -3078 -3074 -3073 -3060 -3055 -2919 -2438 -2161 -2136 -1980 -1587 -1449 -1332 -1299 -1245 -1186 -1164 -1109 -1053 -872 -728 -664 -589 -578 -590 -673 -661 -586 -573 -558 -423 -291 -233 -201 -153 -153 -130 -113 -108 -98 -92 -86 -80 -71 -63 -43 -36 -11 74 204 249 270 281
-2908 -2887 -2736 -2653 -2692 -2767 -2863 -2983 -2969 -2848 -2999 -3072 -3069 -3075 -3077 -3079 -3078 -3078 -3077 -3079 -3079 -3079 -3079 -3079 -3081 -3082 -3085 -3086 -3086 -3086 -3085 -3084 -3078 -3072 -3067 -3059 -3039 -2698 -2431 -2130 -2152 -2151 -1856 -1664 -1513 -1442 -1384 -1194 -1139 -1090 -1017 -962 -789 -704 -637 -611 -618 -668 -685 -654 -640 -577 -407 -297 -229 -195 -159 -151 -133 -120 -111 -105 -98 -91 -84 -80 -69 -60 -42 -27 0 237 133 316 455
-2913 -2974 -2993 -2872 -2697 -2672 -2863 -2948 -2962 -2787 -2929 -3054 -3006 -3068 -3077 -3079 -3079 -3078 -3077 -3079 -3079 -3079 -3079 -3079 -3081 -3082 -3085 -3086 -3087 -3087 -3086 -3084 -3080 -3067 -3060 -3052 -2975 -2443 -2388 -2133 -2152 -2029 -1632 -1508 -1444 -1417 -1350 -1183 -1132 -1093 -1030 -988 -823 -731 -674 -647 -651 -695 -686 -675 -686 -614 -529 -344 -241 -191 -155 -141 -131 -116 -112 -104 -96 -95 -85 -80 -75 -67 -57 -39 -30 -7 57 229 409
-2892 -2959 -2995 -3000 -2964 -2841 -2840 -2933 -2899 -2800 -2937 -2989 -2948 -3016 -3077 -3080 -3080 -3079 -3078 -3080 -3080 -3080 -3080 -3080 -3081 -3083 -3085 -3086 -3087 -3087 -3088 -3085 -3083 -3064 -3052 -3049 -2919 -2388 -2395 -2250 -2060 -1908 -1619 -1431 -1397 -1380 -1294 -1236 -1171 -1101 -1041 -960 -840 -763 -738 -803 -755 -705 -701 -701 -696 -679 -586 -488 -305 -199 -165 -146 -135 -118 -112 -102 -95 -95 -87 -82 -79 -69 -60 -51 -37 -26 -6 202 326
-2788 -2887 -2973 -3010 -3026 -2966 -2933 -2930 -2872 -2916 -2888 -2905 -2908 -3011 -3077 -3080 -3081 -3079 -3079 -3080 -3080 -3080 -3080 -3080 -3082 -3083 -3084 -3085 -3086 -3088 -3088 -3088 -3086 -3065 -3030 -3028 -2627 -2395 -2397 -2382 -1960 -1787 -1581 -1408 -1407 -1369 -1188 -1163 -1192 -1146 -1043 -991 -914 -826 -882 -900 -765 -749 -754 -739 -720 -690 -574 -438 -323 -209 -174 -147 -132 -120 -109 -102 -95 -93 -91 -83 -81 -71 -66 -57 -45 -30 -19 70 270
-2745 -2806 -2919 -3007 -3049 -3051 -2939 -2906 -2847 -2979 -2841 -2760 -2860 -2952 -3077 -3079 -3079 -3078 -3079 -3079 -3080 -3080 -3080 -3080 -3082 -3082 -3084 -3085 -3086 -3088 -3088 -3088 -3089 -3042 -2994 -2999 -2854 -2377 -2380 -2346 -1957 -1739 -1500 -1398 -1393 -1374 -1255 -1209 -1173 -1160 -1082 -1025 -982 -967 -962 -869 -823 -813 -792 -768 -686 -569 -475 -403 -296 -207 -172 -149 -128 -118 -108 -103 -96 -93 -90 -85 -80 -70 -64 -58 -50 -33 -20 0 112
-2682 -2798 -2896 -2987 -3043 -3061 -3051 -2917 -2963 -3018 -2715 -2750 -2796 -2968 -3073 -3079 -3080 -3080 -3079 -3079 -3080 -3080 -3080 -3080 -3082 -3082 -3084 -3085 -3087 -3087 -3087 -3088 -3088 -2978 -2944 -2998 -2937 -2678 -2507 -2200 -1812 -1699 -1536 -1396 -1363 -1290 -1289 -1262 -1178 -1147 -1152 -1109 -1126 -1001 -938 -904 -890 -869 -838 -698 -584 -505 -404 -351 -277 -199 -162 -143 -127 -118 -111 -101 -97 -90 -87 -80 -74 -66 -60 -57 -49 -35 -22 2 209
-2634 -2739 -2892 -2977 -3019 -3069 -3071 -3064 -3069 -3069 -2667 -2737 -2784 -2935 -3057 -3081 -3081 -3080 -3079 -3079 -3080 -3081 -3081 -3081 -3082 -3082 -3083 -3086 -3087 -3087 -3087 -3086 -3086 -3020 -2895 -2979 -2900 -2699 -2595 -2357 -1806 -1611 -1409 -1343 -1260 -1258 -1263 -1220 -1193 -1196 -1326 -1284 -1157 -1092 -1039 -1014 -972 -926 -764 -600 -488 -409 -366 -308 -252 -187 -162 -135 -127 -115 -111 -102 -94 -88 -84 -78 -67 -63 -56 -53 -46 -34 -26 -2 209
-2616 -2704 -2836 -2975 -3023 -3068 -3073 -3073 -3079 -3075 -2668 -2732 -2794 -2947 -3061 -3082 -3082 -3080 -3080 -3080 -3080 -3081 -3081 -3081 -3082 -3082 -3083 -3086 -3087 -3088 -3088 -3087 -3087 -2972 -2873 -2945 -2892 -2551 -2552 -2247 -1878 -1414 -1299 -1328 -1336 -1351 -1389 -1318 -1283 -1380 -1408 -1351 -1222 -1175 -1072 -1037 -937 -769 -592 -484 -424 -386 -324 -277 -228 -181 -153 -138 -124 -113 -108 -99 -93 -83 -81 -71 -62 -59 -52 -49 -44 -32 -21 -12 39
-2618 -2698 -2833 -2971 -3029 -3068 -3073 -3074 -3078 -3074 -2796 -2782 -2814 -2959 -3069 -3081 -3082 -3081 -3080 -3081 -3080 -3081 -3080 -3081 -3082 -3082 -3083 -3086 -3087 -3088 -3089 -3088 -3090 -3072 -2880 -2941 -2918 -2565 -2544 -2310 -2004 -1596 -1343 -1348 -1401 -1480 -1578 -1593 -1590 -1597 -1441 -1409 -1293 -1196 -1043 -933 -766 -591 -514 -440 -415 -375 -327 -257 -232 -187 -154 -137 -121 -109 -102 -97 -89 -79 -78 -63 -58 -51 -45 -43 -37 -26 -19 -5 88
-2630 -2685 -2857 -2979 -3040 -3065 -3068 -3074 -3078 -3075 -3038 -2852 -2887 -2983 -3070 -3081 -3082 -3082 -3080 -3080 -3081 -3081 -3080 -3081 -3082 -3083 -3085 -3087 -3088 -3089 -3090 -3090 -3091 -3087 -2952 -2914 -2895 -2666 -2540 -2222 -1917 -1746 -1680 -1616 -1633 -1655 -1688 -1759 -1767 -1716 -1474 -1419 -1350 -1238 -1054 -886 -682 -569 -499 -456 -430 -387 -359 -282 -256 -250 -231 -160 -114 -104 -98 -94 -84 -75 -73 -59 -47 -44 -38 -36 -32 -21 -16 1 123
-2645 -2687 -2867 -2974 -3051 -3063 -3066 -3075 -3076 -3074 -3074 -3034 -3008 -3050 -3080 -3080 -3082 -3082 -3081 -3082 -3081 -3081 -3081 -3082 -3083 -3083 -3085 -3086 -3087 -3089 -3090 -3090 -3091 -3087 -2992 -2936 -2883 -2664 -2431 -2187 -2100 -1828 -1730 -1683 -1674 -1735 -1794 -1794 -1742 -1665 -1500 -1423 -1303 -1219 -1110 -982 -873 -727 -642 -532 -487 -499 -397 -351 -228 -179 -136 -113 -106 -102 -96 -87 -79 -70 -67 -52 -40 -38 -33 -32 -26 -20 -10 126 166
-2624 -2677 -2897 -2973 -3051 -3061 -3062 -3076 -3075 -3074 -3074 -3073 -3073 -3077 -3077 -3078 -3080 -3081 -3081 -3081 -3080 -3080 -3081 -3082 -3083 -3084 -3085 -3087 -3087 -3088 -3090 -3090 -3091 -3090 -3068 -2985 -2908 -2539 -2447 -2239 -2144 -1972 -1794 -1762 -1747 -1767 -1797 -1775 -1759 -1642 -1379 -1258 -1199 -1140 -1063 -883 -775 -701 -600 -571 -462 -348 -299 -253 -190 -128 -118 -102 -99 -98 -94 -85 -76 -65 -63 -50 -37 -36 -32 -30 -22 -14 1 144 190
-2614 -2756 -2847 -2972 -3051 -3056 -3060 -3076 -3074 -3073 -3075 -3074 -3077 -3079 -3079 -3078 -3080 -3083 -3082 -3081 -3081 -3080 -3081 -3082 -3083 -3086 -3086 -3087 -3087 -3089 -3090 -3091 -3092 -3091 -3088 -3083 -2977 -2474 -2432 -2333 -2208 -2158 -1939 -1791 -1789 -1824 -1899 -1813 -1742 -1527 -1306 -1223 -1179 -1120 -1004 -641 -540 -491 -428 -411 -319 -195 -185 -161 -134 -127 -106 -99 -97 -97 -87 -86 -75 -66 -62 -49 -37 -35 -31 -26 -25 -3 35 77 153
-2631 -2707 -2911 -2970 -3046 -3045 -3062 -3076 -3076 -3073 -3076 -3077 -3078 -3079 -3081 -3079 -3081 -3083 -3083 -3082 -3082 -3082 -3082 -3083 -3083 -3086 -3087 -3087 -3088 -3089 -3090 -3091 -3091 -3089 -3088 -3085 -3078 -2878 -2535 -2480 -2395 -2305 -2154 -1964 -1804 -1886 -1922 -1862 -1828 -1753 -1658 -1586 -1359 -1173 -974 -638 -498 -427 -369 -361 -250 -180 -173 -140 -132 -125 -120 -104 -99 -96 -87 -86 -77 -67 -62 -52 -45 -32 -22 -20 -14 -2 52 145 48
-2644 -2726 -2909 -3012 -3031 -3016 -3064 -3077 -3075 -3073 -3077 -3077 -3078 -3079 -3079 -3080 -3081 -3082 -3082 -3083 -3082 -3081 -3082 -3083 -3084 -3087 -3088 -3088 -3088 -3090 -3091 -3091 -3091 -3089 -3087 -3086 -3082 -3082 -2938 -2634 -2488 -2486 -2190 -2073 -1875 -1919 -1963 -1860 -1801 -1783 -1710 -1701 -1703 -1481 -1239 -823 -604 -521 -419 -380 -325 -219 -177 -140 -130 -118 -116 -112 -99 -94 -87 -80 -75 -69 -65 -53 -49 -31 -6 -6 -5 -1 107 87 34
-2641 -2811 -2904 -2988 -2999 -2994 -3063 -3077 -3075 -3067 -3067 -3077 -3077 -3078 -3079 -3080 -3081 -3082 -3082 -3083 -3082 -3082 -3083 -3084 -3086 -3088 -3088 -3088 -3088 -3091 -3092 -3092 -3091 -3090 -3089 -3088 -3084 -3076 -3069 -2891 -2605 -2402 -2316 -2237 -2150 -2096 -1960 -1889 -1833 -1818 -1785 -1758 -1748 -1593 -1364 -956 -784 -709 -582 -477 -399 -303 -202 -157 -142 -117 -115 -105 -98 -98 -88 -80 -76 -69 -68 -59 -55 -45 -12 -7 -4 0 74 7 20
-2681 -2855 -2914 -2960 -2942 -3004 -3061 -3076 -3074 -2993 -3025 -3076 -3078 -3078 -3078 -3080 -3081 -3082 -3082 -3083 -3082 -3082 -3084 -3085 -3087 -3088 -3089 -3089 -3089 -3091 -3092 -3092 -3092 -3092 -3091 -3090 -3089 -3067 -3049 -2965 -2623 -2411 -2346 -2259 -2290 -2341 -2206 -2022 -1801 -1769 -1780 -1773 -1745 -1508 -1306 -1037 -945 -846 -813 -699 -517 -405 -239 -206 -155 -120 -113 -110 -100 -102 -95 -83 -79 -71 -70 -65 -59 -51 -32 -14 -9 -1 35 169 202
-2701 -2867 -2925 -2935 -2909 -2966 -3045 -3067 -3063 -2930 -3035 -3070 -3079 -3079 -3079 -3081 -3082 -3083 -3083 -3083 -3083 -3083 -3084 -3086 -3087 -3089 -3089 -3090 -3090 -3091 -3092 -3092 -3091 -3092 -3090 -3087 -3074 -3060 -3054 -3047 -2647 -2546 -2443 -2414 -2398 -2357 -2065 -2004 -1657 -1594 -1575 -1722 -1730 -1491 -1317 -1141 -1070 -979 -836 -686 -548 -487 -320 -237 -196 -136 -130 -120 -114 -109 -100 -94 -87 -79 -74 -71 -63 -53 -39 -29 -15 -3 72 205 415
-2731 -2871 -2896 -2905 -2876 -2942 -3021 -3041 -3010 -2928 -3043 -3047 -3080 -3080 -3080 -3081 -3082 -3083 -3083 -3084 -3083 -3084 -3086 -3087 -3088 -3090 -3090 -3090 -3091 -3092 -3093 -3093 -3093 -3093 -3092 -3091 -3087 -3086 -3081 -3084 -2854 -2619 -2402 -2362 -2317 -2184 -2041 -1866 -1687 -1604 -1580 -1553 -1568 -1341 -1147 -1044 -965 -931 -809 -638 -575 -517 -395 -280 -223 -163 -155 -147 -129 -121 -111 -100 -97 -86 -81 -74 -71 -53 -41 -31 -22 -4 23 213 421
-2783 -2856 -2855 -2797 -2879 -2951 -3016 -3021 -2897 -2946 -3039 -3045 -3081 -3080 -3081 -3082 -3083 -3084 -3084 -3084 -3084 -3085 -3087 -3088 -3089 -3091 -3091 -3091 -3092 -3093 -3094 -3094 -3094 -3094 -3095 -3095 -3095 -3099 -3106 -3105 -3095 -2882 -2416 -2246 -2141 -2097 -1858 -1776 -1707 -1591 -1558 -1506 -1427 -1219 -1073 -1007 -961 -936 -842 -657 -590 -524 -454 -354 -256 -174 -160 -153 -150 -147 -134 -122 -115 -109 -95 -91 -84 -56 -50 -33 -21 -4 99 106 214
-2790 -2797 -2779 -2774 -2893 -2972 -2981 -2995 -2875 -2984 -3041 -3049 -3080 -3081 -3081 -3083 -3083 -3084 -3084 -3085 -3085 -3086 -3088 -3088 -3090 -3092 -3092 -3092 -3093 -3094 -3095 -3095 -3096 -3097 -3098 -3099 -3098 -3099 -3099 -3086 -2983 -2880 -2634 -2394 -2138 -2109 -1822 -1640 -1600 -1509 -1365 -1284 -1220 -1080 -1035 -981 -953 -878 -784 -702 -634 -567 -498 -432 -335 -265 -202 -177 -164 -150 -147 -142 -128 -122 -110 -101 -96 -70 -55 -40 -22 -4 191 210 152
-2754 -2748 -2742 -2804 -2890 -2972 -2990 -2981 -2879 -3009 -3042 -3052 -3081 -3081 -3081 -3083 -3084 -3085 -3084 -3085 -3086 -3087 -3088 -3089 -3091 -3092 -3093 -3093 -3094 -3095 -3095 -3095 -3096 -3097 -3097 -3099 -3097 -3092 -3062 -2769 -2744 -2415 -2383 -2328 -2162 -1815 -1631 -1564 -1521 -1323 -1235 -1192 -1145 -1040 -1007 -820 -760 -717 -710 -683 -658 -593 -565 -487 -433 -355 -309 -234 -200 -173 -161 -151 -144 -126 -117 -108 -98 -85 -67 -44 -26 -3 193 284 332
-2683 -2700 -2778 -2822 -2918 -2950 -2976 -2873 -2905 -3037 -3043 -3058 -3082 -3081 -3082 -3083 -3085 -3085 -3085 -3086 -3087 -3088 -3088 -3089 -3091 -3093 -3093 -3093 -3094 -3094 -3095 -3095 -3097 -3098 -3097 -3088 -2860 -2839 -2873 -2852 -2522 -2241 -2052 -2009 -1836 -1704 -1533 -1398 -1308 -1254 -1145 -1123 -1092 -1054 -1013 -760 -632 -631 -615 -600 -596 -577 -547 -506 -474 -406 -365 -318 -263 -205 -173 -171 -147 -140 -121 -115 -109 -92 -81 -50 -30 -14 3 167 261
-2644 -2741 -2823 -2854 -2905 -2932 -2931 -2815 -3004 -3041 -3032 -3056 -3082 -3082 -3082 -3083 -3085 -3085 -3085 -3087 -3088 -3089 -3090 -3091 -3092 -3093 -3093 -3093 -3093 -3093 -3094 -3094 -3095 -3096 -3095 -2861 -2798 -2925 -2826 -2720 -2321 -1944 -1832 -1806 -1750 -1677 -1461 -1347 -1277 -1245 -1174 -1142 -1102 -1056 -919 -696 -610 -625 -606 -534 -546 -548 -533 -504 -480 -438 -412 -375 -307 -233 -188 -183 -152 -148 -135 -121 -111 -100 -90 -67 -34 -21 -4 115 175
-2636 -2781 -2822 -2873 -2893 -2915 -2863 -2823 -3033 -3040 -3033 -3047 -3082 -3083 -3082 -3084 -3084 -3086 -3087 -3087 -3088 -3088 -3089 -3091 -3092 -3093 -3092 -3092 -3093 -3093 -3094 -3094 -3095 -3091 -3064 -2812 -2870 -2836 -2689 -2420 -2126 -1822 -1816 -1789 -1707 -1630 -1434 -1355 -1279 -1152 -1051 -990 -1028 -1029 -898 -772 -622 -621 -613 -586 -557 -545 -533 -515 -479 -453 -443 -402 -348 -274 -209 -188 -157 -152 -140 -124 -114 -104 -91 -74 -40 -26 -8 34 95
-2718 -2770 -2799 -2880 -2910 -2932 -2778 -2932 -3031 -3037 -3027 -3042 -3082 -3082 -3082 -3084 -3085 -3087 -3087 -3088 -3088 -3088 -3090 -3091 -3092 -3093 -3093 -3092 -3094 -3094 -3095 -3095 -3091 -3035 -3032 -2876 -2894 -2768 -2592 -2314 -1973 -1849 -1785 -1680 -1659 -1549 -1433 -1388 -1282 -1083 -1035 -979 -995 -993 -920 -839 -664 -618 -600 -582 -575 -568 -556 -529 -500 -463 -449 -425 -365 -313 -247 -196 -167 -150 -142 -122 -113 -110 -98 -79 -41 -25 -8 17 47
-2749 -2774 -2807 -2907 -2934 -2845 -2810 -2937 -3010 -3011 -3013 -3081 -3082 -3081 -3082 -3085 -3086 -3087 -3088 -3089 -3089 -3088 -3090 -3091 -3091 -3093 -3093 -3093 -3095 -3096 -3096 -3096 -3005 -2957 -2874 -2521 -2395 -2370 -2410 -2305 -2020 -1903 -1787 -1720 -1691 -1561 -1457 -1406 -1297 -1092 -1047 -1046 -1001 -983 -925 -860 -774 -638 -590 -573 -571 -567 -560 -554 -525 -496 -457 -440 -387 -329 -277 -208 -179 -174 -148 -122 -118 -112 -102 -90 -57 -27 -9 47 157
-2761 -2764 -2851 -2896 -2915 -2803 -2819 -2930 -2949 -2971 -3016 -3082 -3081 -3082 -3084 -3085 -3086 -3088 -3088 -3089 -3090 -3090 -3091 -3091 -3092 -3094 -3094 -3094 -3095 -3096 -3096 -3076 -2803 -2786 -2617 -2458 -2304 -2212 -2353 -2276 -2064 -2011 -1858 -1820 -1746 -1593 -1491 -1425 -1209 -1065 -1046 -1026 -1025 -953 -920 -883 -795 -729 -591 -573 -567 -566 -561 -561 -556 -521 -485 -468 -404 -342 -278 -217 -181 -173 -162 -125 -119 -116 -109 -98 -84 -43 -33 -6 82
-2777 -2811 -2854 -2890 -2848 -2735 -2816 -2895 -2927 -2949 -3060 -3082 -3083 -3083 -3084 -3087 -3087 -3087 -3088 -3089 -3090 -3090 -3091 -3091 -3093 -3094 -3094 -3093 -3095 -3095 -3045 -2872 -2563 -2718 -2506 -2429 -2373 -2256 -2355 -2248 -2052 -1996 -1865 -1821 -1703 -1638 -1570 -1434 -1176 -1058 -1040 -1029 -1020 -935 -913 -882 -825 -756 -685 -598 -570 -567 -563 -560 -556 -546 -520 -482 -411 -365 -304 -227 -176 -170 -162 -137 -128 -115 -113 -99 -92 -68 -39 -22 -4
-2764 -2818 -2866 -2883 -2691 -2725 -2820 -2875 -2912 -2953 -3047 -3081 -3084 -3083 -3084 -3087 -3089 -3089 -3088 -3088 -3089 -3090 -3092 -3093 -3094 -3095 -3094 -3093 -3093 -3093 -3015 -2588 -2555 -2771 -2493 -2439 -2285 -2268 -2313 -2214 -2072 -1958 -1883 -1799 -1680 -1644 -1556 -1392 -1152 -1058 -1042 -1033 -1028 -918 -907 -871 -822 -768 -722 -672 -615 -576 -570 -569 -575 -572 -532 -501 -415 -374 -321 -226 -175 -170 -167 -144 -132 -121 -115 -101 -96 -82 -55 -38 -15
-2765 -2800 -2870 -2818 -2695 -2782 -2851 -2868 -2894 -2964 -3057 -3082 -3084 -3084 -3086 -3089 -3090 -3090 -3090 -3091 -3091 -3092 -3094 -3094 -3096 -3096 -3095 -3094 -3093 -3087 -3021 -2535 -2566 -2674 -2579 -2506 -2235 -2267 -2252 -2114 -1954 -1924 -1865 -1723 -1681 -1641 -1522 -1413 -1229 -1053 -1052 -1048 -1027 -957 -902 -864 -820 -772 -722 -686 -649 -614 -584 -578 -592 -595 -546 -502 -431 -376 -311 -230 -173 -161 -164 -152 -138 -126 -115 -102 -97 -81 -63 -43 -23
-2755 -2840 -2884 -2668 -2745 -2823 -2862 -2860 -2891 -2916 -3059 -3075 -3081 -3074 -3052 -3075 -3089 -3091 -3092 -3093 -3092 -3092 -3094 -3093 -3095 -3096 -3096 -3094 -3092 -3087 -3029 -2562 -2576 -2674 -2559 -2409 -2231 -2246 -2193 -1891 -1849 -1890 -1829 -1702 -1680 -1630 -1504 -1375 -1245 -1140 -1103 -1085 -1037 -963 -914 -864 -822 -768 -722 -687 -664 -635 -601 -588 -585 -574 -556 -518 -445 -376 -321 -245 -177 -160 -163 -156 -141 -128 -118 -101 -97 -86 -67 -48 -30
-2755 -2884 -2809 -2700 -2787 -2844 -2854 -2848 -2905 -3002 -3047 -3045 -3007 -2984 -2982 -2975 -2951 -2945 -3072 -3091 -3092 -3092 -3093 -3093 -3095 -3098 -3097 -3096 -3096 -3090 -3024 -2551 -2608 -2637 -2521 -2264 -2311 -2267 -2119 -1966 -1795 -1844 -1773 -1681 -1651 -1626 -1507 -1381 -1241 -1187 -1148 -1123 -1038 -984 -932 -877 -816 -756 -721 -692 -671 -646 -617 -595 -584 -569 -561 -534 -442 -374 -338 -252 -183 -160 -156 -157 -142 -130 -119 -101 -97 -88 -70 -53 -35
-2776 -2841 -2713 -2722 -2836 -2854 -2872 -2888 -2991 -3019 -3015 -3003 -2986 -2944 -2904 -2875 -2843 -2832 -2954 -3091 -3091 -3091 -3092 -3093 -3097 -3098 -3097 -3095 -3096 -3089 -2988 -2559 -2679 -2766 -2501 -2337 -2331 -2108 -2063 -1962 -1816 -1806 -1757 -1770 -1700 -1649 -1541 -1389 -1259 -1178 -1176 -1147 -1051 -993 -941 -876 -801 -747 -710 -691 -676 -654 -632 -607 -592 -572 -566 -553 -441 -366 -338 -274 -192 -156 -148 -149 -140 -129 -118 -104 -99 -89 -75 -58 -39
