DataFiles/etopo1_-126_-123_40_45_1min.asc
ncols        181
nrows        301
xllcorner    -125.783560000000
yllcorner    39.645260000000
cellsize     0.016666666667
nodata_value    -99999
[rows 76 to 113 of 301, columns 85 to 169 of 181]
-31 -21 -13 0 0 1 44 38 37 0 0 0 63 97 114 90 53 48 144 248 252 260 121 112 108 209 414 470 401 313 478 514 405 404 272 298 406 478 355 504 578 671 645 389 307 307 306 422 429 223 216 267 389 297 282 221 205 151 127 141 181 170 156 171 200 231 236 218 228 288 418 308 317 378 464 465 531 719 935 959 909 795 696 624 518
-17 -15 -2 0 0 47 51 74 61 9 1 13 6 17 43 92 78 50 78 81 91 76 89 190 299 224 222 241 227 282 238 293 280 239 319 431 379 316 317 364 514 695 517 520 455 344 470 364 215 276 472 291 114 108 111 123 120 117 129 169 261 314 205 266 383 418 356 288 348 352 360 438 429 507 532 412 544 745 1018 989 775 614 496 426 379
-13 -1 1 0 34 76 67 109 60 27 7 57 11 53 117 132 99 107 149 150 248 266 336 381 445 477 275 229 303 469 341 319 233 312 384 320 318 376 422 492 488 513 449 422 539 586 515 254 400 522 385 191 140 124 111 129 214 267 271 280 219 200 183 175 279 400 343 379 427 432 426 428 408 424 396 355 377 488 684 799 719 543 387 460 570
24 52 33 1 39 46 73 82 28 54 21 34 39 45 73 117 105 137 170 180 293 408 298 247 411 412 353 317 516 466 408 364 256 330 310 244 314 351 417 423 335 355 351 492 667 622 411 342 581 610 299 215 184 236 192 144 219 251 286 359 275 174 166 295 381 263 283 247 379 350 301 341 360 361 339 395 307 350 419 428 439 369 335 484 700
72 93 33 0 70 101 75 100 104 47 30 52 57 46 85 149 100 160 239 342 267 248 204 305 275 303 354 351 421 536 454 325 399 307 334 386 435 359 366 346 406 424 369 487 604 664 652 394 517 632 549 382 259 259 179 151 219 256 281 231 187 174 213 240 292 200 200 231 351 241 237 259 249 222 286 289 269 251 267 314 315 470 402 353 398
103 80 53 0 36 62 87 72 75 37 37 69 108 35 70 134 172 291 309 290 170 196 345 353 355 325 351 440 488 482 528 434 459 444 317 371 457 572 353 538 644 605 413 443 506 561 660 436 495 620 615 392 228 163 122 147 202 235 207 158 161 170 202 180 188 204 199 265 255 220 248 277 272 237 261 232 232 273 422 551 546 669 696 621 514
151 115 75 2 23 69 89 55 42 62 88 115 72 30 74 151 366 467 253 201 209 156 310 257 281 341 398 442 620 603 578 512 460 396 334 428 548 672 420 408 671 606 498 583 688 641 645 651 575 602 643 376 242 193 189 132 162 168 140 177 216 163 211 327 308 250 253 195 218 288 236 228 287 388 357 288 253 263 361 508 614 675 888 820 684
101 130 83 34 56 94 78 110 52 58 72 85 80 65 103 201 411 348 162 139 165 147 196 223 325 330 269 395 506 437 446 356 358 308 353 434 611 658 339 517 701 696 647 668 686 741 750 754 703 657 509 282 228 251 190 153 127 127 153 220 297 193 362 356 341 346 242 328 376 294 243 250 296 293 355 320 294 298 315 347 337 508 737 828 822
81 108 106 51 78 105 101 121 63 46 62 89 121 164 184 278 277 168 138 70 163 199 276 307 318 250 227 263 263 305 416 391 320 380 430 470 614 669 615 421 484 532 589 649 720 706 734 748 756 604 333 252 220 175 161 126 124 123 135 205 245 200 265 346 399 343 269 381 400 295 297 307 314 296 389 322 340 348 486 538 382 375 504 651 610
84 103 131 85 100 89 38 69 30 60 69 122 142 174 135 176 143 113 92 113 200 178 180 224 250 300 331 320 392 364 472 552 414 464 478 566 730 780 675 590 638 640 505 627 658 670 669 695 745 553 278 208 176 160 201 239 236 176 144 172 156 168 276 323 255 263 349 402 306 258 344 285 357 347 390 406 448 422 532 459 437 344 392 404 404
65 83 138 133 113 54 28 18 82 88 106 116 112 91 129 129 106 71 72 176 163 98 151 234 238 334 357 377 596 676 636 666 688 625 735 583 736 839 781 809 711 787 573 591 736 745 628 644 580 367 265 255 340 243 208 313 253 188 138 142 148 152 183 190 198 200 196 254 229 201 263 280 338 374 473 622 650 516 536 534 454 374 664 748 682
68 52 99 157 107 36 3 -1 25 93 100 61 56 70 186 142 90 52 127 190 149 79 150 120 287 449 499 437 642 552 609 732 657 699 715 661 682 718 761 771 795 710 672 753 577 561 621 684 408 247 269 361 355 266 286 296 341 236 253 307 219 171 248 266 221 313 301 225 206 248 336 311 356 501 643 903 778 607 653 543 429 479 653 812 705
59 49 72 141 91 35 11 28 19 30 19 20 96 133 214 186 98 86 155 119 98 104 106 163 206 333 420 446 524 517 530 650 530 543 533 547 637 690 664 673 692 673 721 802 755 623 657 488 272 230 296 311 200 195 200 313 310 327 309 256 168 263 306 375 317 419 324 217 299 300 334 341 407 497 668 838 871 769 649 534 431 643 849 917 888
9 12 92 137 62 44 51 94 20 2 1 23 89 105 214 245 161 54 80 100 126 148 128 97 125 196 293 257 368 541 361 407 590 553 568 499 585 612 608 648 689 750 793 759 833 620 429 319 301 382 297 200 179 176 244 234 183 175 160 161 169 272 401 471 489 403 267 213 247 320 318 389 574 669 719 640 679 678 593 518 448 596 771 907 963
37 57 68 156 71 38 89 70 97 62 7 7 77 150 191 119 52 85 160 161 148 154 78 84 143 121 281 272 251 240 264 283 325 373 411 451 504 527 638 726 740 855 716 628 622 464 400 402 432 420 307 251 197 220 219 274 322 238 158 160 173 243 360 394 299 299 292 255 305 370 499 519 697 711 565 511 575 558 602 601 565 556 522 589 679
63 27 21 92 97 50 130 188 123 85 39 6 65 180 161 63 49 110 146 158 97 105 57 113 192 239 484 556 419 309 338 475 431 501 534 557 614 680 693 715 755 779 694 436 349 321 374 457 400 343 410 387 223 314 202 217 210 209 156 203 185 233 225 238 265 276 311 450 509 638 682 619 533 497 498 443 479 563 648 786 782 778 807 822 878
78 68 89 41 63 52 132 177 90 40 14 5 51 89 110 141 122 59 52 69 88 72 142 137 171 284 222 398 584 506 666 690 569 599 505 552 603 651 725 800 869 770 724 466 470 395 350 367 421 318 331 291 251 299 247 178 162 161 162 244 270 243 243 311 347 321 454 709 729 652 508 461 401 416 414 452 535 618 723 855 1050 985 1052 1045 899
80 98 59 103 192 83 108 98 89 82 15 7 8 49 87 90 118 87 102 130 169 215 216 272 173 211 303 304 339 444 603 659 767 698 608 660 696 839 856 759 576 476 504 522 458 462 333 246 235 271 248 218 298 291 247 202 181 239 311 239 250 414 368 373 360 439 670 585 508 410 366 439 354 433 423 467 557 619 620 737 825 832 1031 1065 988
99 97 86 125 181 191 100 147 113 144 51 42 51 40 46 56 57 72 98 244 301 316 343 247 190 259 250 363 345 427 400 384 689 791 747 689 691 783 746 545 412 418 530 523 381 343 300 245 292 376 276 243 323 405 355 300 304 197 217 209 216 316 283 335 402 606 618 430 389 430 331 364 364 439 458 591 606 544 567 706 596 609 771 892 1092
134 156 94 142 127 191 127 123 153 116 73 111 93 38 30 92 89 241 281 291 325 274 279 200 140 180 245 439 499 457 345 251 475 748 738 636 781 875 577 421 384 371 440 490 429 372 367 353 333 269 301 359 385 431 344 314 277 276 264 322 185 205 239 367 587 678 429 357 404 391 311 435 506 454 494 568 514 506 482 483 521 714 787 805 1079
145 148 150 207 131 203 161 158 162 134 139 150 83 14 26 119 216 330 195 258 215 162 222 142 216 300 447 551 526 382 220 279 611 587 592 674 778 741 502 401 390 342 389 465 484 397 389 379 364 310 361 474 492 474 427 337 294 298 263 315 275 351 236 365 584 485 300 296 322 303 400 387 427 407 452 465 457 439 417 463 561 567 682 928 974
94 155 216 207 256 195 267 203 127 89 119 121 62 87 47 42 109 186 182 153 91 172 129 189 296 268 337 327 434 332 165 360 612 525 649 759 820 533 414 383 336 333 388 494 474 454 475 481 406 310 372 412 494 560 441 328 363 294 377 327 439 430 261 286 318 288 226 262 316 337 354 320 354 366 379 371 405 446 508 501 495 615 811 853 892
181 155 196 322 357 235 329 230 219 94 93 187 90 28 51 149 254 135 223 261 255 148 84 137 141 167 189 197 313 174 260 438 502 622 728 824 700 439 360 344 327 350 431 567 530 452 476 531 533 330 360 517 590 500 444 432 507 411 537 609 654 565 517 467 239 225 224 315 370 374 354 523 525 429 472 504 467 494 410 467 694 851 712 750 858
123 149 241 245 334 376 239 192 147 106 154 212 100 38 109 175 231 292 258 352 325 197 114 242 241 213 416 343 190 179 281 255 421 743 848 867 725 512 399 383 410 448 503 626 546 567 541 618 446 451 456 528 596 595 636 741 814 714 679 632 660 595 317 211 221 368 347 438 456 471 471 446 460 373 411 454 393 401 522 720 855 717 598 649 746
198 180 155 174 298 404 349 217 168 112 200 173 83 52 166 234 174 324 352 306 286 156 149 226 206 362 393 341 474 349 219 412 569 587 700 770 697 563 407 540 550 587 630 710 714 646 672 673 452 456 509 478 513 572 672 708 811 830 662 522 400 317 196 263 378 509 485 452 451 349 352 315 345 300 332 367 394 550 694 676 709 680 539 542 744
276 268 227 243 365 471 454 248 193 187 212 166 97 173 122 73 138 188 221 301 310 139 177 188 180 247 268 505 698 450 200 318 371 297 338 327 324 379 392 458 567 626 662 741 767 610 506 490 497 697 679 629 610 562 595 824 915 694 511 400 265 232 217 338 395 492 443 384 319 236 254 313 271 470 539 582 564 648 561 513 577 502 503 580 830
334 276 235 243 333 411 501 388 319 245 224 137 153 268 232 87 77 153 328 419 253 175 271 293 364 457 275 450 700 641 491 383 512 496 318 480 493 561 503 387 517 534 531 603 783 729 545 702 625 730 551 525 487 541 623 700 567 455 378 323 218 246 239 226 262 267 251 257 246 346 496 440 279 314 296 398 386 431 558 488 472 378 510 545 728
321 246 217 268 315 281 421 370 385 298 217 231 340 262 183 72 90 218 405 371 291 267 197 263 452 623 344 407 623 743 857 723 748 669 406 563 785 656 452 443 528 531 491 650 775 774 699 795 881 776 611 487 430 491 521 402 292 253 226 218 270 276 279 366 301 251 249 279 435 503 430 389 419 506 361 341 369 354 392 365 341 480 481 458 465
201 208 202 216 394 381 306 327 353 427 411 357 297 171 198 122 151 357 325 222 332 313 235 345 491 664 519 391 477 725 894 1008 922 722 654 754 705 565 471 473 520 551 727 723 571 600 642 538 507 555 402 360 418 302 331 356 323 255 272 297 330 349 359 427 441 443 382 519 487 662 589 582 574 476 610 525 534 655 488 412 552 709 658 498 571
417 325 287 208 261 467 530 462 414 447 387 278 239 289 263 146 150 163 138 266 341 352 322 389 512 715 696 696 696 678 732 797 870 939 802 691 689 691 600 667 729 767 766 683 566 565 563 499 382 395 345 514 564 456 510 575 435 466 470 496 500 566 562 808 825 789 570 410 505 536 598 777 625 530 692 717 742 635 469 586 539 584 688 575 740
424 526 507 400 256 344 549 519 364 279 295 383 426 361 317 345 443 206 120 198 217 387 536 588 655 855 934 871 888 987 967 987 1026 988 835 745 787 780 780 665 708 885 1081 937 743 633 516 559 423 364 431 663 669 675 663 693 658 566 600 719 616 792 809 790 634 563 456 491 508 684 655 821 641 784 685 745 714 581 598 532 580 647 724 697 728
649 656 687 556 477 510 545 340 274 283 275 377 410 504 518 471 323 213 185 141 260 456 603 751 893 989 924 969 996 1014 1060 961 801 710 804 651 752 682 744 631 712 718 932 855 636 699 594 424 459 542 628 642 747 799 811 780 712 758 745 847 936 797 635 719 741 526 580 516 561 740 852 894 827 907 892 891 841 868 710 586 648 756 903 832 727
495 421 484 584 535 584 521 367 377 303 232 252 291 452 504 339 273 436 344 135 268 612 638 789 758 781 820 909 941 1057 1042 741 666 623 787 770 613 580 670 628 677 814 894 760 635 493 552 723 661 694 587 682 599 615 569 570 563 645 773 952 859 696 764 649 544 580 616 602 712 833 826 620 604 731 987 844 813 834 811 858 798 974 1030 839 824
249 422 467 376 415 356 417 479 504 312 187 195 233 402 421 297 406 623 443 246 241 412 358 556 762 932 954 855 1011 963 827 788 664 787 728 680 620 662 555 563 701 662 744 698 649 478 770 676 508 516 535 531 516 545 605 664 665 713 764 776 868 857 790 790 782 812 687 771 896 761 754 634 666 653 808 689 641 660 752 758 848 989 1032 1001 825
170 214 282 215 226 186 299 302 286 196 156 281 279 298 315 387 680 759 538 467 549 329 524 756 880 1023 822 867 904 754 794 730 773 938 841 858 722 775 738 631 601 577 500 577 676 510 477 508 622 683 758 683 575 594 638 762 970 829 860 830 814 814 670 851 891 883 729 679 809 588 599 580 736 740 773 816 680 712 671 652 740 807 855 909 1048
294 342 240 279 237 355 380 297 204 176 213 282 370 319 360 589 829 757 630 619 407 346 649 818 984 839 757 754 743 818 852 809 899 844 975 1041 937 889 747 817 895 783 582 564 472 528 571 469 597 681 809 738 699 723 819 921 858 692 729 714 680 714 673 727 693 710 652 533 530 573 777 817 689 870 1003 992 749 748 737 695 766 907 903 901 1063
326 302 410 511 465 485 409 469 453 510 459 349 546 557 533 678 745 532 351 414 373 445 761 940 991 770 839 810 879 849 1000 913 871 981 1039 858 1002 1039 1000 1013 999 726 652 586 734 738 633 449 495 597 576 569 657 892 953 710 780 814 629 620 556 602 686 567 570 516 494 573 657 708 620 758 791 793 1036 1102 833 788 741 780 857 1052 985 1040 1175
277 324 326 367 522 535 618 544 497 440 531 578 789 767 660 529 648 516 330 662 802 820 896 851 802 806 832 853 922 884 950 553 602 700 767 745 839 1022 908 975 955 759 784 755 755 581 553 510 517 502 525 643 844 748 654 573 758 605 517 617 632 499 484 496 533 618 542 686 826 776 681 738 909 957 1181 1324 1060 877 853 807 1027 1282 1039 1101 1142
