DataFiles/etopo1_-130_-124_38_45_1min.asc
ncols        391
nrows        421
xllcorner    -130.000000000000
yllcorner    38.000000000000
cellsize     0.016666666667
nodata_value    -99999
[rows 385 to 419 of 421, columns 79 to 157 of 391]
-4691 -4713 -4717 -4727 -4723 -4729 -4738 -4741 -4747 -4746 -4746 -4743 -4736 -4727 -4713 -4699 -4684 -4676 -4669 -4669 -4671 -4678 -4684 -4688 -4690 -4692 -4694 -4705 -4712 -4725 -4733 -4746 -4759 -4772 -4781 -4769 -4746 -4701 -4657 -4654 -4652 -4656 -4652 -4652 -4652 -4653 -4653 -4660 -4661 -4648 -4635 -4631 -4630 -4624 -4617 -4615 -4614 -4611 -4612 -4615 -4617 -4619 -4608 -4579 -4514 -4396 -4285 -4318 -4376 -4446 -4504 -4517 -4529 -4510 -4523 -4547 -4591 -4587 -4575
-4701 -4704 -4705 -4712 -4717 -4726 -4734 -4740 -4745 -4750 -4753 -4752 -4745 -4733 -4717 -4698 -4681 -4668 -4661 -4658 -4660 -4666 -4673 -4681 -4689 -4698 -4713 -4733 -4752 -4763 -4769 -4774 -4778 -4777 -4772 -4757 -4731 -4696 -4665 -4652 -4650 -4654 -4656 -4655 -4652 -4650 -4651 -4655 -4657 -4649 -4640 -4634 -4631 -4627 -4622 -4619 -4616 -4614 -4613 -4614 -4616 -4614 -4600 -4566 -4501 -4406 -4326 -4312 -4334 -4373 -4401 -4410 -4400 -4380 -4389 -4460 -4538 -4579 -4589
-4707 -4704 -4702 -4706 -4710 -4720 -4727 -4732 -4735 -4744 -4751 -4751 -4748 -4734 -4718 -4697 -4679 -4663 -4656 -4649 -4652 -4657 -4668 -4678 -4688 -4698 -4716 -4745 -4779 -4784 -4786 -4780 -4776 -4762 -4747 -4732 -4713 -4692 -4675 -4662 -4660 -4659 -4662 -4657 -4653 -4650 -4650 -4654 -4656 -4649 -4641 -4637 -4635 -4632 -4629 -4624 -4619 -4615 -4613 -4614 -4615 -4611 -4598 -4570 -4524 -4460 -4404 -4368 -4350 -4346 -4329 -4328 -4301 -4283 -4272 -4409 -4519 -4586 -4601
-4717 -4712 -4711 -4712 -4714 -4720 -4724 -4726 -4727 -4733 -4738 -4740 -4738 -4729 -4714 -4695 -4676 -4662 -4651 -4646 -4646 -4656 -4669 -4681 -4686 -4683 -4691 -4720 -4754 -4766 -4765 -4755 -4743 -4730 -4717 -4706 -4695 -4684 -4675 -4666 -4661 -4660 -4659 -4656 -4652 -4649 -4650 -4652 -4653 -4647 -4640 -4638 -4637 -4635 -4632 -4626 -4620 -4615 -4613 -4613 -4613 -4611 -4602 -4584 -4557 -4520 -4485 -4452 -4421 -4387 -4353 -4328 -4307 -4307 -4348 -4455 -4563 -4609 -4615
-4724 -4722 -4724 -4722 -4722 -4723 -4725 -4722 -4719 -4721 -4723 -4726 -4725 -4722 -4714 -4700 -4683 -4677 -4664 -4664 -4656 -4673 -4682 -4692 -4686 -4652 -4634 -4658 -4703 -4716 -4721 -4714 -4701 -4694 -4687 -4684 -4680 -4675 -4670 -4664 -4658 -4657 -4656 -4654 -4650 -4648 -4647 -4650 -4651 -4644 -4637 -4638 -4639 -4637 -4634 -4628 -4622 -4617 -4613 -4613 -4613 -4613 -4610 -4602 -4592 -4572 -4553 -4532 -4508 -4456 -4416 -4392 -4384 -4393 -4439 -4504 -4603 -4599 -4598
-4725 -4725 -4728 -4729 -4729 -4728 -4725 -4720 -4715 -4712 -4712 -4715 -4719 -4722 -4723 -4721 -4718 -4719 -4719 -4712 -4710 -4716 -4719 -4706 -4669 -4612 -4569 -4576 -4610 -4647 -4670 -4675 -4670 -4667 -4667 -4668 -4668 -4667 -4664 -4660 -4656 -4655 -4654 -4652 -4648 -4645 -4645 -4646 -4647 -4643 -4639 -4639 -4639 -4638 -4635 -4631 -4626 -4621 -4619 -4618 -4618 -4618 -4618 -4616 -4612 -4606 -4597 -4585 -4559 -4510 -4476 -4483 -4499 -4481 -4461 -4460 -4482 -4505 -4531
-4720 -4725 -4731 -4736 -4737 -4734 -4728 -4719 -4711 -4705 -4705 -4710 -4719 -4730 -4741 -4754 -4760 -4758 -4762 -4749 -4754 -4755 -4753 -4717 -4662 -4585 -4513 -4520 -4539 -4594 -4633 -4647 -4646 -4652 -4656 -4660 -4662 -4663 -4661 -4657 -4653 -4653 -4654 -4650 -4646 -4642 -4640 -4642 -4644 -4642 -4640 -4640 -4640 -4639 -4636 -4633 -4629 -4626 -4625 -4624 -4624 -4625 -4625 -4625 -4624 -4622 -4617 -4609 -4594 -4541 -4510 -4560 -4613 -4546 -4451 -4384 -4338 -4387 -4453
-4718 -4727 -4738 -4746 -4749 -4744 -4733 -4719 -4706 -4700 -4702 -4712 -4727 -4745 -4767 -4792 -4796 -4761 -4728 -4732 -4754 -4760 -4747 -4711 -4657 -4594 -4545 -4533 -4550 -4584 -4615 -4633 -4642 -4649 -4655 -4660 -4664 -4664 -4661 -4656 -4651 -4652 -4653 -4649 -4642 -4637 -4635 -4637 -4640 -4640 -4640 -4640 -4640 -4640 -4637 -4634 -4631 -4630 -4629 -4630 -4631 -4631 -4631 -4630 -4628 -4626 -4619 -4605 -4582 -4556 -4554 -4591 -4616 -4568 -4469 -4356 -4285 -4317 -4391
-4714 -4730 -4746 -4758 -4763 -4757 -4743 -4726 -4708 -4708 -4711 -4729 -4744 -4765 -4785 -4815 -4823 -4734 -4655 -4684 -4733 -4738 -4722 -4692 -4653 -4611 -4586 -4570 -4582 -4593 -4614 -4628 -4640 -4648 -4656 -4661 -4666 -4665 -4663 -4654 -4648 -4650 -4653 -4647 -4639 -4633 -4630 -4634 -4639 -4639 -4638 -4639 -4639 -4637 -4636 -4632 -4630 -4629 -4630 -4632 -4635 -4635 -4635 -4632 -4628 -4625 -4615 -4595 -4568 -4559 -4562 -4584 -4596 -4564 -4497 -4379 -4282 -4320 -4383
-4713 -4733 -4752 -4768 -4775 -4771 -4759 -4744 -4733 -4736 -4746 -4759 -4773 -4786 -4798 -4802 -4773 -4694 -4629 -4640 -4679 -4695 -4686 -4663 -4635 -4609 -4592 -4584 -4587 -4595 -4608 -4620 -4631 -4641 -4649 -4656 -4661 -4663 -4660 -4653 -4648 -4649 -4651 -4647 -4639 -4632 -4630 -4633 -4638 -4640 -4639 -4636 -4633 -4630 -4627 -4624 -4622 -4624 -4626 -4630 -4634 -4635 -4634 -4631 -4628 -4624 -4615 -4597 -4576 -4563 -4557 -4559 -4555 -4538 -4501 -4448 -4410 -4408 -4434
-4709 -4731 -4754 -4772 -4784 -4784 -4776 -4763 -4756 -4761 -4777 -4781 -4790 -4792 -4792 -4777 -4735 -4668 -4602 -4618 -4644 -4655 -4646 -4628 -4607 -4589 -4578 -4575 -4579 -4587 -4599 -4609 -4620 -4631 -4640 -4649 -4655 -4658 -4657 -4651 -4645 -4648 -4652 -4647 -4640 -4633 -4630 -4635 -4640 -4642 -4640 -4634 -4626 -4620 -4615 -4612 -4611 -4614 -4619 -4624 -4629 -4631 -4631 -4629 -4625 -4622 -4617 -4602 -4587 -4567 -4548 -4537 -4522 -4517 -4509 -4517 -4536 -4507 -4502
-4700 -4722 -4746 -4769 -4785 -4789 -4784 -4773 -4765 -4765 -4769 -4770 -4771 -4772 -4769 -4753 -4722 -4679 -4643 -4633 -4634 -4628 -4613 -4594 -4574 -4560 -4554 -4555 -4562 -4572 -4584 -4596 -4608 -4621 -4632 -4643 -4651 -4655 -4655 -4651 -4647 -4649 -4651 -4647 -4641 -4635 -4634 -4638 -4644 -4646 -4642 -4631 -4619 -4610 -4603 -4599 -4599 -4602 -4608 -4615 -4621 -4625 -4626 -4626 -4622 -4617 -4609 -4601 -4590 -4573 -4553 -4537 -4523 -4519 -4526 -4546 -4562 -4552 -4538
-4688 -4712 -4735 -4759 -4776 -4783 -4782 -4768 -4754 -4744 -4741 -4735 -4731 -4734 -4735 -4729 -4719 -4694 -4678 -4651 -4634 -4608 -4584 -4561 -4543 -4533 -4529 -4535 -4545 -4559 -4573 -4588 -4600 -4614 -4627 -4639 -4648 -4654 -4656 -4652 -4647 -4649 -4651 -4647 -4642 -4638 -4636 -4639 -4645 -4645 -4642 -4627 -4612 -4602 -4595 -4588 -4586 -4589 -4597 -4606 -4614 -4620 -4622 -4623 -4620 -4613 -4602 -4600 -4592 -4580 -4564 -4549 -4538 -4531 -4536 -4550 -4559 -4560 -4549
-4678 -4705 -4728 -4740 -4748 -4758 -4761 -4745 -4723 -4707 -4696 -4689 -4686 -4689 -4694 -4695 -4692 -4682 -4667 -4644 -4616 -4583 -4553 -4535 -4524 -4519 -4518 -4526 -4539 -4558 -4575 -4589 -4600 -4613 -4625 -4638 -4648 -4655 -4656 -4654 -4651 -4650 -4650 -4647 -4644 -4640 -4637 -4635 -4634 -4634 -4631 -4622 -4610 -4601 -4592 -4582 -4575 -4578 -4588 -4602 -4614 -4620 -4622 -4621 -4618 -4613 -4608 -4604 -4599 -4588 -4575 -4561 -4550 -4541 -4540 -4549 -4558 -4559 -4548
-4679 -4702 -4718 -4709 -4706 -4719 -4731 -4710 -4683 -4668 -4653 -4647 -4642 -4647 -4653 -4656 -4657 -4651 -4638 -4621 -4594 -4556 -4524 -4517 -4518 -4519 -4520 -4529 -4543 -4568 -4589 -4600 -4606 -4615 -4625 -4637 -4648 -4653 -4655 -4653 -4651 -4649 -4649 -4647 -4644 -4641 -4636 -4626 -4618 -4619 -4620 -4618 -4612 -4608 -4599 -4587 -4574 -4580 -4588 -4605 -4618 -4622 -4621 -4617 -4613 -4608 -4608 -4601 -4597 -4583 -4574 -4562 -4556 -4543 -4537 -4549 -4561 -4560 -4547
-4712 -4702 -4684 -4669 -4663 -4670 -4677 -4671 -4657 -4644 -4631 -4621 -4614 -4615 -4618 -4622 -4622 -4619 -4609 -4596 -4571 -4535 -4507 -4511 -4526 -4534 -4538 -4546 -4562 -4587 -4610 -4617 -4618 -4620 -4626 -4634 -4642 -4645 -4646 -4645 -4644 -4645 -4646 -4645 -4643 -4637 -4629 -4618 -4609 -4609 -4612 -4618 -4622 -4622 -4617 -4608 -4601 -4602 -4609 -4616 -4621 -4621 -4616 -4607 -4598 -4590 -4583 -4576 -4568 -4558 -4550 -4545 -4542 -4539 -4540 -4552 -4564 -4564 -4554
-4746 -4703 -4655 -4641 -4631 -4637 -4637 -4643 -4639 -4630 -4620 -4608 -4599 -4598 -4597 -4602 -4600 -4599 -4589 -4581 -4561 -4524 -4494 -4513 -4543 -4551 -4558 -4564 -4579 -4606 -4632 -4631 -4625 -4623 -4625 -4629 -4633 -4634 -4634 -4634 -4634 -4639 -4642 -4642 -4638 -4631 -4622 -4612 -4604 -4604 -4609 -4622 -4635 -4639 -4639 -4632 -4629 -4627 -4631 -4627 -4624 -4618 -4610 -4595 -4579 -4565 -4552 -4542 -4532 -4525 -4519 -4521 -4525 -4531 -4541 -4557 -4571 -4574 -4568
-4735 -4701 -4665 -4647 -4639 -4638 -4638 -4635 -4630 -4621 -4612 -4604 -4598 -4598 -4602 -4605 -4606 -4602 -4593 -4579 -4557 -4530 -4514 -4522 -4541 -4555 -4567 -4578 -4594 -4613 -4629 -4630 -4625 -4620 -4618 -4619 -4620 -4621 -4621 -4623 -4627 -4634 -4639 -4635 -4627 -4621 -4615 -4610 -4606 -4606 -4613 -4628 -4643 -4651 -4651 -4646 -4641 -4637 -4633 -4628 -4622 -4614 -4602 -4585 -4565 -4545 -4528 -4515 -4504 -4499 -4497 -4502 -4512 -4526 -4544 -4562 -4578 -4584 -4583
-4714 -4699 -4682 -4672 -4666 -4660 -4655 -4638 -4626 -4615 -4610 -4606 -4606 -4610 -4618 -4621 -4624 -4616 -4606 -4584 -4562 -4540 -4529 -4529 -4539 -4554 -4568 -4583 -4598 -4611 -4619 -4620 -4617 -4613 -4609 -4608 -4608 -4609 -4611 -4614 -4620 -4631 -4638 -4627 -4614 -4610 -4611 -4611 -4612 -4611 -4616 -4632 -4650 -4656 -4656 -4650 -4642 -4636 -4629 -4624 -4618 -4610 -4598 -4579 -4557 -4536 -4515 -4502 -4491 -4489 -4488 -4496 -4507 -4527 -4548 -4568 -4584 -4593 -4595
-4692 -4696 -4699 -4698 -4695 -4683 -4666 -4642 -4621 -4612 -4611 -4614 -4618 -4626 -4634 -4638 -4638 -4631 -4615 -4590 -4564 -4542 -4531 -4529 -4538 -4551 -4566 -4580 -4592 -4600 -4605 -4607 -4605 -4602 -4600 -4599 -4600 -4603 -4606 -4611 -4618 -4627 -4629 -4617 -4605 -4604 -4610 -4615 -4616 -4614 -4618 -4633 -4649 -4655 -4652 -4645 -4637 -4630 -4626 -4622 -4618 -4611 -4600 -4582 -4561 -4541 -4523 -4510 -4502 -4499 -4501 -4508 -4520 -4537 -4556 -4573 -4586 -4595 -4597
-4673 -4686 -4702 -4705 -4711 -4698 -4679 -4652 -4625 -4625 -4626 -4634 -4638 -4649 -4655 -4661 -4657 -4651 -4629 -4596 -4561 -4531 -4519 -4517 -4531 -4543 -4559 -4570 -4579 -4584 -4589 -4592 -4593 -4593 -4591 -4595 -4598 -4604 -4606 -4612 -4617 -4624 -4625 -4612 -4598 -4606 -4616 -4622 -4623 -4618 -4616 -4632 -4649 -4650 -4644 -4637 -4629 -4626 -4624 -4624 -4622 -4618 -4608 -4592 -4573 -4555 -4540 -4528 -4523 -4521 -4525 -4529 -4539 -4551 -4566 -4578 -4588 -4596 -4596
-4662 -4666 -4670 -4681 -4692 -4697 -4692 -4677 -4663 -4661 -4665 -4669 -4673 -4680 -4688 -4691 -4690 -4680 -4653 -4603 -4548 -4510 -4491 -4495 -4511 -4529 -4544 -4554 -4560 -4565 -4571 -4579 -4585 -4585 -4586 -4594 -4604 -4609 -4613 -4616 -4621 -4623 -4622 -4616 -4614 -4620 -4629 -4632 -4629 -4624 -4624 -4633 -4644 -4645 -4640 -4632 -4625 -4624 -4626 -4629 -4631 -4629 -4622 -4608 -4591 -4573 -4558 -4548 -4544 -4546 -4550 -4554 -4559 -4567 -4576 -4586 -4594 -4598 -4594
-4662 -4649 -4634 -4651 -4669 -4691 -4704 -4701 -4699 -4697 -4705 -4701 -4704 -4708 -4716 -4716 -4716 -4704 -4679 -4609 -4538 -4499 -4475 -4486 -4501 -4519 -4532 -4539 -4543 -4547 -4553 -4566 -4578 -4574 -4575 -4587 -4606 -4607 -4612 -4614 -4621 -4621 -4621 -4623 -4628 -4634 -4642 -4640 -4636 -4631 -4629 -4636 -4643 -4644 -4639 -4633 -4627 -4630 -4633 -4638 -4642 -4642 -4638 -4628 -4613 -4596 -4579 -4572 -4568 -4573 -4578 -4582 -4582 -4584 -4587 -4598 -4604 -4604 -4595
-4659 -4647 -4637 -4646 -4665 -4688 -4705 -4710 -4711 -4712 -4714 -4714 -4716 -4719 -4722 -4723 -4719 -4706 -4673 -4615 -4556 -4523 -4510 -4513 -4519 -4526 -4529 -4532 -4534 -4537 -4543 -4551 -4557 -4556 -4557 -4566 -4578 -4585 -4592 -4599 -4607 -4613 -4618 -4624 -4632 -4637 -4641 -4642 -4640 -4637 -4637 -4641 -4645 -4646 -4644 -4642 -4642 -4642 -4645 -4650 -4654 -4655 -4653 -4646 -4636 -4622 -4609 -4602 -4600 -4604 -4610 -4612 -4610 -4606 -4605 -4615 -4622 -4615 -4600
-4666 -4658 -4652 -4659 -4673 -4692 -4706 -4711 -4710 -4712 -4712 -4714 -4716 -4718 -4719 -4719 -4712 -4699 -4671 -4627 -4583 -4570 -4569 -4566 -4560 -4552 -4540 -4537 -4536 -4538 -4539 -4543 -4543 -4540 -4536 -4541 -4548 -4558 -4567 -4582 -4593 -4604 -4612 -4620 -4628 -4632 -4635 -4638 -4640 -4640 -4641 -4644 -4648 -4647 -4649 -4652 -4658 -4655 -4655 -4658 -4664 -4663 -4662 -4658 -4654 -4644 -4636 -4629 -4628 -4631 -4637 -4637 -4636 -4624 -4618 -4627 -4637 -4617 -4597
-4676 -4677 -4678 -4683 -4691 -4701 -4709 -4712 -4711 -4710 -4710 -4711 -4713 -4715 -4716 -4715 -4709 -4696 -4676 -4652 -4633 -4630 -4634 -4630 -4618 -4594 -4570 -4557 -4551 -4550 -4550 -4548 -4542 -4535 -4529 -4528 -4532 -4543 -4557 -4574 -4588 -4597 -4604 -4611 -4618 -4624 -4627 -4631 -4634 -4638 -4641 -4642 -4642 -4644 -4648 -4656 -4661 -4662 -4660 -4661 -4662 -4662 -4662 -4660 -4658 -4654 -4650 -4645 -4643 -4645 -4647 -4648 -4644 -4636 -4629 -4625 -4617 -4597 -4576
-4692 -4698 -4703 -4705 -4710 -4711 -4713 -4713 -4712 -4710 -4708 -4709 -4711 -4714 -4715 -4716 -4711 -4702 -4690 -4682 -4679 -4682 -4691 -4684 -4674 -4638 -4605 -4585 -4574 -4567 -4566 -4560 -4554 -4545 -4534 -4532 -4532 -4543 -4556 -4572 -4588 -4593 -4596 -4604 -4610 -4616 -4619 -4622 -4625 -4632 -4638 -4639 -4639 -4647 -4652 -4663 -4668 -4669 -4665 -4663 -4660 -4659 -4658 -4658 -4657 -4657 -4656 -4653 -4650 -4651 -4651 -4651 -4648 -4645 -4636 -4621 -4597 -4577 -4555
-4709 -4715 -4718 -4718 -4718 -4717 -4716 -4715 -4714 -4713 -4712 -4713 -4715 -4719 -4721 -4723 -4721 -4715 -4710 -4709 -4710 -4712 -4712 -4708 -4695 -4670 -4641 -4617 -4597 -4584 -4577 -4576 -4575 -4567 -4558 -4557 -4558 -4559 -4562 -4571 -4581 -4589 -4596 -4604 -4609 -4612 -4613 -4614 -4616 -4623 -4632 -4641 -4652 -4664 -4675 -4684 -4687 -4685 -4678 -4672 -4665 -4660 -4658 -4658 -4658 -4659 -4658 -4656 -4654 -4654 -4655 -4655 -4655 -4654 -4646 -4625 -4598 -4575 -4562
-4726 -4728 -4727 -4725 -4722 -4721 -4719 -4719 -4719 -4719 -4719 -4721 -4724 -4728 -4731 -4732 -4732 -4728 -4727 -4727 -4730 -4726 -4718 -4717 -4707 -4694 -4673 -4650 -4624 -4605 -4589 -4595 -4602 -4594 -4587 -4591 -4595 -4583 -4571 -4570 -4576 -4586 -4597 -4606 -4611 -4610 -4607 -4605 -4606 -4613 -4625 -4645 -4668 -4687 -4702 -4709 -4710 -4704 -4694 -4684 -4673 -4666 -4660 -4659 -4660 -4660 -4659 -4658 -4656 -4657 -4658 -4660 -4661 -4663 -4658 -4633 -4606 -4585 -4577
-4739 -4738 -4735 -4731 -4727 -4725 -4724 -4724 -4726 -4727 -4730 -4733 -4737 -4740 -4741 -4739 -4736 -4732 -4732 -4735 -4737 -4733 -4726 -4725 -4720 -4715 -4703 -4682 -4658 -4635 -4619 -4616 -4618 -4617 -4617 -4622 -4621 -4605 -4585 -4573 -4573 -4582 -4595 -4604 -4607 -4604 -4598 -4594 -4595 -4603 -4621 -4648 -4678 -4703 -4721 -4728 -4728 -4720 -4709 -4696 -4684 -4674 -4667 -4663 -4661 -4660 -4659 -4659 -4659 -4660 -4661 -4664 -4667 -4668 -4660 -4639 -4615 -4599 -4596
-4749 -4746 -4741 -4737 -4732 -4730 -4729 -4729 -4731 -4734 -4739 -4743 -4748 -4749 -4749 -4742 -4736 -4733 -4732 -4739 -4740 -4735 -4724 -4728 -4723 -4723 -4714 -4694 -4678 -4653 -4640 -4630 -4630 -4631 -4636 -4643 -4645 -4623 -4597 -4580 -4572 -4579 -4591 -4596 -4600 -4593 -4587 -4583 -4585 -4595 -4615 -4647 -4682 -4709 -4729 -4735 -4736 -4726 -4715 -4701 -4690 -4680 -4673 -4667 -4663 -4661 -4659 -4660 -4661 -4662 -4663 -4667 -4670 -4670 -4663 -4643 -4622 -4608 -4607
-4753 -4749 -4744 -4739 -4735 -4733 -4732 -4731 -4732 -4736 -4741 -4747 -4750 -4749 -4746 -4741 -4737 -4738 -4740 -4744 -4741 -4727 -4714 -4711 -4712 -4701 -4686 -4670 -4654 -4642 -4634 -4629 -4630 -4636 -4645 -4651 -4649 -4633 -4611 -4594 -4582 -4577 -4577 -4580 -4582 -4579 -4575 -4574 -4578 -4590 -4610 -4640 -4672 -4700 -4718 -4725 -4723 -4715 -4705 -4695 -4686 -4679 -4674 -4668 -4664 -4662 -4661 -4661 -4662 -4663 -4663 -4666 -4669 -4668 -4661 -4646 -4627 -4612 -4605
-4752 -4744 -4739 -4734 -4735 -4733 -4732 -4730 -4730 -4734 -4739 -4744 -4747 -4744 -4739 -4737 -4737 -4741 -4746 -4745 -4732 -4684 -4645 -4620 -4633 -4620 -4620 -4622 -4612 -4620 -4619 -4622 -4624 -4633 -4645 -4651 -4652 -4643 -4627 -4612 -4597 -4581 -4568 -4570 -4570 -4569 -4566 -4568 -4574 -4587 -4605 -4632 -4659 -4683 -4699 -4704 -4701 -4694 -4686 -4680 -4676 -4672 -4669 -4665 -4662 -4660 -4659 -4660 -4660 -4660 -4660 -4662 -4664 -4665 -4661 -4650 -4631 -4612 -4594
-4745 -4729 -4717 -4720 -4728 -4731 -4729 -4728 -4728 -4730 -4733 -4737 -4738 -4735 -4732 -4733 -4737 -4741 -4742 -4731 -4684 -4582 -4479 -4408 -4406 -4454 -4522 -4560 -4582 -4601 -4614 -4621 -4622 -4630 -4639 -4648 -4655 -4657 -4651 -4635 -4614 -4596 -4582 -4576 -4573 -4570 -4568 -4570 -4576 -4588 -4605 -4625 -4647 -4665 -4678 -4681 -4678 -4671 -4665 -4663 -4662 -4659 -4656 -4654 -4653 -4652 -4651 -4650 -4650 -4651 -4653 -4655 -4657 -4660 -4660 -4655 -4640 -4612 -4581
-4739 -4714 -4692 -4706 -4722 -4726 -4725 -4724 -4724 -4725 -4726 -4729 -4730 -4728 -4725 -4730 -4736 -4740 -4732 -4714 -4639 -4440 -4252 -4119 -4107 -4221 -4386 -4451 -4511 -4558 -4599 -4626 -4626 -4639 -4639 -4651 -4663 -4675 -4678 -4659 -4634 -4620 -4607 -4597 -4587 -4580 -4575 -4573 -4579 -4590 -4606 -4622 -4637 -4649 -4657 -4659 -4657 -4652 -4646 -4651 -4652 -4646 -4639 -4638 -4639 -4634 -4632 -4626 -4629 -4634 -4642 -4645 -4647 -4651 -4655 -4655 -4647 -4611 -4570
