DataFiles/etopo1_-126_-123_40_45_1min.asc
ncols        181
nrows        301
xllcorner    -125.783560000000
yllcorner    39.645260000000
cellsize     0.016666666667
nodata_value    -99999
[rows 38 to 75 of 301, columns 0 to 84 of 181]
-3012 -3018 -3019 -3020 -3024 -3037 -3039 -3040 -3022 -3024 -3026 -3026 -3028 -3031 -3033 -3029 -3028 -3027 -3025 -3023 -3006 -2976 -3009 -2994 -2895 -2927 -2965 -2965 -2928 -2719 -2449 -2307 -2045 -1918 -1895 -1793 -1762 -1679 -1507 -1436 -1384 -1375 -1375 -1371 -1318 -1194 -1094 -1010 -731 -579 -282 -214 -148 -121 -103 -79 -86 -100 -101 -107 -117 -124 -121 -114 -116 -119 -131 -133 -139 -142 -144 -146 -146 -143 -142 -138 -136 -133 -127 -125 -123 -121 -120 -117 -115
-3012 -3017 -3021 -3025 -3026 -3028 -3041 -3043 -3042 -3031 -3032 -3034 -3035 -3036 -3038 -3030 -3027 -3027 -3026 -3024 -3005 -3011 -3005 -3005 -3001 -2968 -2967 -2972 -2953 -2907 -2686 -2354 -2137 -2018 -1884 -1720 -1691 -1587 -1532 -1473 -1455 -1423 -1401 -1380 -1331 -1284 -1031 -939 -819 -484 -240 -181 -131 -92 -86 -87 -99 -105 -107 -112 -126 -130 -126 -125 -119 -116 -128 -138 -147 -149 -150 -151 -149 -146 -142 -140 -137 -134 -128 -124 -123 -123 -121 -119 -116
-3014 -3016 -3019 -3025 -3029 -3031 -3036 -3043 -3044 -3041 -3037 -3040 -3040 -3041 -3041 -3034 -3030 -3031 -3033 -3026 -2959 -2782 -2858 -2863 -2871 -2948 -2932 -2941 -2944 -2925 -2703 -2557 -2248 -1983 -1940 -1835 -1572 -1532 -1499 -1497 -1504 -1468 -1417 -1368 -1335 -1300 -1060 -843 -770 -433 -201 -155 -127 -83 -86 -102 -109 -115 -115 -120 -126 -138 -132 -130 -128 -124 -123 -144 -147 -153 -159 -160 -159 -149 -145 -143 -138 -135 -129 -125 -124 -124 -120 -117 -115
-3018 -3019 -3018 -3018 -3027 -3034 -3038 -3040 -3044 -3045 -3045 -3042 -3043 -3044 -3045 -3044 -3036 -3036 -3041 -3033 -2993 -2871 -2959 -2886 -2848 -2952 -2973 -2965 -2949 -2845 -2610 -2562 -2203 -2069 -1896 -1884 -1581 -1578 -1532 -1489 -1473 -1457 -1402 -1344 -1292 -1178 -844 -686 -604 -452 -188 -144 -123 -107 -107 -114 -121 -126 -124 -125 -129 -140 -142 -135 -132 -129 -124 -137 -155 -166 -169 -169 -165 -154 -145 -143 -140 -136 -130 -125 -124 -122 -120 -117 -115
-3021 -3023 -3022 -3021 -3025 -3030 -3039 -3040 -3044 -3046 -3046 -3046 -3046 -3046 -3046 -3046 -3045 -3046 -3048 -3045 -3037 -3050 -3051 -3046 -3047 -3034 -3001 -2966 -2768 -2488 -2281 -2228 -2167 -2034 -1944 -1814 -1590 -1594 -1565 -1531 -1467 -1436 -1375 -1321 -1266 -1029 -747 -619 -557 -510 -261 -143 -136 -128 -126 -132 -138 -144 -139 -130 -131 -131 -144 -144 -146 -155 -159 -171 -189 -193 -191 -179 -172 -160 -146 -143 -139 -135 -130 -124 -123 -122 -119 -117 -115
-3022 -3026 -3025 -3024 -3026 -3031 -3039 -3040 -3042 -3047 -3047 -3047 -3046 -3047 -3047 -3047 -3049 -3050 -3048 -3049 -3051 -3054 -3053 -3053 -3051 -3048 -3030 -2827 -2405 -2281 -1960 -1814 -1817 -1849 -1710 -1593 -1581 -1605 -1609 -1599 -1414 -1346 -1300 -1276 -1217 -970 -714 -611 -560 -495 -397 -315 -162 -142 -145 -147 -157 -157 -152 -139 -141 -156 -157 -158 -165 -171 -182 -198 -203 -204 -202 -190 -182 -165 -148 -141 -136 -132 -127 -123 -122 -120 -119 -116 -116
-3021 -3026 -3029 -3026 -3029 -3032 -3038 -3041 -3043 -3046 -3047 -3049 -3048 -3047 -3048 -3048 -3050 -3052 -3051 -3051 -3052 -3054 -3054 -3053 -3054 -3052 -3027 -2620 -2468 -2213 -2015 -1827 -1868 -1848 -1717 -1596 -1594 -1607 -1612 -1606 -1364 -1326 -1263 -1233 -1189 -979 -712 -661 -572 -525 -480 -408 -352 -264 -187 -208 -200 -195 -180 -159 -170 -187 -196 -203 -206 -207 -207 -208 -211 -210 -208 -203 -191 -180 -152 -140 -136 -131 -127 -124 -122 -118 -117 -116 -115
-3020 -3025 -3031 -3031 -3031 -3034 -3039 -3042 -3044 -3046 -3048 -3050 -3050 -3050 -3049 -3050 -3051 -3053 -3052 -3054 -3054 -3054 -3054 -3055 -3055 -3052 -2993 -2603 -2487 -2295 -2130 -1873 -1844 -1791 -1667 -1590 -1599 -1607 -1614 -1605 -1374 -1336 -1216 -1219 -1199 -1107 -883 -849 -842 -746 -653 -539 -468 -425 -324 -255 -241 -223 -220 -205 -219 -227 -222 -215 -216 -219 -225 -230 -229 -226 -223 -221 -205 -179 -159 -145 -133 -131 -129 -128 -122 -117 -114 -114 -114
-3023 -3025 -3030 -3038 -3033 -3035 -3039 -3043 -3045 -3047 -3048 -3050 -3050 -3051 -3051 -3051 -3052 -3053 -3053 -3054 -3055 -3057 -3056 -3057 -3056 -3012 -2935 -2566 -2411 -2305 -2105 -1872 -1808 -1732 -1632 -1614 -1606 -1608 -1612 -1600 -1427 -1312 -1184 -1117 -1113 -1152 -1137 -1082 -1076 -1005 -752 -536 -496 -456 -374 -312 -292 -277 -263 -258 -255 -251 -249 -247 -248 -251 -259 -258 -255 -249 -237 -225 -214 -182 -164 -147 -130 -132 -130 -129 -126 -117 -113 -113 -114
-3031 -3030 -3031 -3037 -3042 -3039 -3041 -3045 -3046 -3048 -3049 -3050 -3050 -3051 -3052 -3052 -3053 -3055 -3054 -3055 -3056 -3057 -3058 -3058 -3026 -2985 -2818 -2369 -2344 -2040 -2004 -1871 -1784 -1689 -1688 -1677 -1656 -1588 -1566 -1498 -1439 -1331 -1232 -1133 -1072 -1066 -1077 -1084 -1086 -1092 -793 -566 -512 -469 -388 -334 -320 -307 -291 -284 -282 -282 -283 -285 -287 -292 -290 -289 -282 -272 -254 -231 -213 -187 -174 -154 -139 -131 -130 -129 -123 -110 -108 -115 -116
-3032 -3033 -3033 -3038 -3044 -3042 -3043 -3045 -3047 -3050 -3050 -3051 -3051 -3052 -3052 -3052 -3054 -3056 -3055 -3057 -3059 -3059 -3059 -3059 -3041 -2967 -2440 -2357 -2228 -2121 -2033 -1866 -1709 -1699 -1688 -1670 -1669 -1569 -1511 -1494 -1384 -1351 -1312 -1200 -1139 -1116 -1079 -1103 -1130 -1116 -861 -638 -559 -496 -408 -340 -334 -333 -314 -298 -300 -314 -324 -326 -327 -325 -323 -323 -313 -296 -265 -238 -205 -192 -172 -161 -144 -132 -131 -127 -124 -121 -101 -111 -113
-3037 -3038 -3040 -3040 -3043 -3047 -3047 -3048 -3049 -3050 -3051 -3052 -3052 -3052 -3053 -3053 -3055 -3057 -3056 -3057 -3060 -3062 -3062 -3058 -3018 -2904 -2433 -2408 -2205 -2124 -1998 -1784 -1730 -1725 -1722 -1672 -1615 -1573 -1516 -1473 -1377 -1373 -1348 -1301 -1232 -1177 -1138 -1221 -1230 -1151 -989 -709 -555 -505 -415 -392 -381 -376 -370 -356 -356 -367 -403 -427 -416 -405 -398 -362 -340 -315 -275 -244 -209 -192 -174 -163 -146 -133 -132 -128 -124 -122 -109 -110 -111
-3034 -3040 -3041 -3042 -3044 -3047 -3049 -3049 -3049 -3052 -3052 -3053 -3053 -3053 -3053 -3054 -3056 -3057 -3058 -3059 -3061 -3064 -3062 -3029 -2913 -2852 -2505 -2443 -2179 -2008 -1814 -1805 -1806 -1758 -1720 -1629 -1566 -1498 -1503 -1396 -1374 -1381 -1378 -1347 -1275 -1233 -1231 -1235 -1238 -1185 -1003 -812 -562 -505 -453 -435 -435 -439 -436 -415 -414 -431 -466 -468 -456 -427 -416 -393 -354 -327 -282 -254 -214 -194 -180 -160 -149 -135 -133 -128 -126 -122 -119 -111 -110
-3034 -3041 -3043 -3045 -3047 -3048 -3051 -3051 -3050 -3051 -3052 -3053 -3054 -3054 -3054 -3055 -3057 -3059 -3059 -3061 -3063 -3064 -3060 -2949 -2885 -2736 -2424 -2362 -2165 -1957 -1846 -1857 -1831 -1759 -1664 -1589 -1535 -1541 -1512 -1403 -1371 -1385 -1385 -1369 -1265 -1250 -1242 -1258 -1249 -1231 -1028 -853 -593 -551 -508 -493 -504 -499 -490 -469 -459 -466 -479 -477 -465 -445 -421 -389 -362 -332 -292 -257 -222 -203 -185 -166 -151 -136 -130 -128 -124 -119 -116 -113 -109
-3035 -3042 -3045 -3046 -3048 -3049 -3050 -3051 -3051 -3052 -3053 -3054 -3055 -3056 -3056 -3056 -3058 -3060 -3059 -3061 -3063 -3062 -3059 -2912 -2886 -2826 -2392 -2237 -2080 -1856 -1860 -1856 -1772 -1703 -1661 -1625 -1574 -1557 -1541 -1450 -1373 -1380 -1384 -1355 -1265 -1257 -1276 -1287 -1296 -1275 -1013 -829 -651 -616 -604 -591 -581 -569 -555 -544 -504 -501 -499 -495 -470 -455 -430 -392 -366 -334 -295 -255 -225 -200 -182 -166 -157 -136 -130 -128 -122 -120 -116 -114 -110
-3039 -3041 -3047 -3047 -3049 -3051 -3052 -3052 -3052 -3052 -3054 -3056 -3056 -3057 -3057 -3058 -3059 -3062 -3060 -3062 -3063 -3062 -3057 -3045 -2963 -2860 -2335 -2155 -2060 -1822 -1798 -1795 -1733 -1701 -1659 -1635 -1571 -1558 -1553 -1515 -1436 -1334 -1338 -1328 -1284 -1266 -1301 -1329 -1328 -1239 -967 -820 -752 -707 -687 -662 -637 -613 -592 -574 -555 -532 -517 -502 -480 -461 -432 -400 -373 -330 -289 -258 -227 -195 -183 -173 -158 -137 -128 -128 -127 -122 -119 -116 -112
-3040 -3044 -3047 -3049 -3050 -3052 -3053 -3053 -3053 -3053 -3056 -3058 -3058 -3058 -3057 -3058 -3060 -3062 -3062 -3063 -3062 -3061 -3055 -2990 -2912 -2535 -2381 -2259 -2142 -1834 -1772 -1755 -1720 -1700 -1622 -1604 -1587 -1570 -1558 -1526 -1506 -1424 -1364 -1349 -1336 -1297 -1346 -1357 -1355 -1238 -1031 -855 -815 -782 -751 -720 -682 -655 -622 -600 -577 -546 -535 -509 -487 -466 -438 -402 -376 -328 -288 -260 -229 -198 -184 -180 -161 -130 -123 -126 -124 -122 -116 -113 -112
-3041 -3045 -3049 -3050 -3051 -3053 -3053 -3054 -3054 -3054 -3057 -3058 -3059 -3060 -3059 -3059 -3060 -3063 -3063 -3063 -3062 -3060 -3053 -2887 -2705 -2477 -2378 -2228 -2082 -1919 -1866 -1768 -1730 -1632 -1610 -1587 -1593 -1587 -1558 -1508 -1478 -1448 -1390 -1376 -1372 -1361 -1365 -1365 -1367 -1367 -1260 -1003 -922 -870 -817 -770 -730 -679 -646 -617 -591 -566 -525 -506 -490 -472 -442 -409 -368 -329 -293 -262 -234 -212 -189 -175 -162 -138 -123 -124 -123 -121 -116 -115 -113
-3043 -3047 -3049 -3051 -3052 -3053 -3054 -3055 -3056 -3056 -3058 -3058 -3060 -3060 -3061 -3060 -3061 -3063 -3063 -3064 -3061 -3055 -3052 -2965 -2627 -2515 -2328 -2282 -2020 -1931 -1881 -1750 -1702 -1672 -1628 -1604 -1623 -1617 -1475 -1423 -1397 -1391 -1383 -1379 -1372 -1367 -1350 -1292 -1263 -1281 -1249 -1220 -1139 -963 -863 -797 -742 -697 -661 -627 -596 -579 -538 -512 -493 -475 -444 -411 -370 -333 -298 -265 -237 -217 -198 -175 -163 -149 -128 -127 -121 -120 -115 -114 -113
-3044 -3048 -3050 -3051 -3053 -3053 -3055 -3056 -3056 -3057 -3059 -3059 -3061 -3061 -3061 -3061 -3062 -3063 -3062 -3062 -3061 -3051 -3048 -3000 -2600 -2549 -2307 -2027 -1979 -1949 -1887 -1709 -1689 -1695 -1617 -1599 -1612 -1532 -1481 -1469 -1398 -1396 -1390 -1364 -1361 -1359 -1266 -1263 -1150 -1143 -1122 -1119 -1101 -1064 -935 -805 -759 -713 -676 -639 -607 -587 -556 -530 -498 -474 -437 -413 -378 -339 -299 -264 -237 -208 -194 -177 -162 -150 -135 -129 -123 -121 -116 -114 -113
-3045 -3049 -3052 -3052 -3053 -3053 -3056 -3057 -3057 -3057 -3059 -3060 -3061 -3061 -3062 -3062 -3063 -3064 -3062 -3062 -3062 -3059 -3033 -2998 -2821 -2496 -2300 -2008 -1991 -1999 -1857 -1718 -1691 -1657 -1604 -1604 -1611 -1522 -1479 -1449 -1402 -1397 -1393 -1375 -1325 -1267 -1240 -1019 -967 -956 -982 -1034 -1053 -1052 -984 -832 -776 -730 -692 -663 -621 -596 -569 -542 -505 -475 -443 -413 -381 -341 -299 -266 -236 -203 -192 -179 -162 -147 -141 -130 -123 -120 -118 -116 -113
-3049 -3052 -3052 -3053 -3053 -3054 -3057 -3057 -3058 -3058 -3060 -3060 -3061 -3062 -3063 -3063 -3063 -3063 -3063 -3063 -3061 -3058 -2988 -2819 -2870 -2490 -2443 -2064 -1919 -1908 -1927 -1764 -1681 -1674 -1671 -1584 -1608 -1548 -1471 -1466 -1429 -1425 -1388 -1316 -1282 -1274 -1168 -932 -898 -932 -984 -1007 -1007 -971 -941 -890 -781 -734 -706 -669 -635 -609 -576 -551 -509 -479 -445 -417 -382 -335 -297 -262 -230 -202 -192 -180 -161 -150 -140 -131 -124 -120 -117 -115 -113
-3052 -3053 -3053 -3053 -3054 -3056 -3056 -3058 -3058 -3059 -3061 -3061 -3062 -3063 -3064 -3063 -3063 -3064 -3063 -3062 -3059 -3057 -2941 -2911 -2801 -2489 -2394 -2096 -2042 -1959 -1945 -1732 -1685 -1709 -1776 -1605 -1575 -1549 -1485 -1458 -1502 -1451 -1266 -1203 -1193 -1197 -1149 -861 -787 -854 -957 -995 -980 -939 -900 -857 -820 -731 -696 -662 -641 -624 -581 -554 -515 -482 -449 -414 -375 -329 -295 -254 -225 -203 -192 -181 -164 -156 -143 -133 -128 -123 -119 -116 -114
-3053 -3053 -3054 -3054 -3055 -3056 -3057 -3057 -3058 -3059 -3061 -3063 -3063 -3063 -3064 -3063 -3063 -3063 -3063 -3062 -3057 -3054 -2943 -2887 -2732 -2523 -2428 -2131 -2049 -2012 -1992 -1875 -1704 -1682 -1734 -1745 -1548 -1589 -1643 -1526 -1525 -1476 -1157 -1027 -1015 -1169 -1162 -897 -738 -729 -848 -930 -946 -903 -840 -782 -765 -766 -694 -666 -646 -636 -590 -552 -524 -484 -452 -396 -371 -327 -295 -247 -227 -202 -194 -178 -166 -154 -143 -132 -128 -121 -119 -117 -113
-3053 -3054 -3055 -3056 -3056 -3057 -3058 -3058 -3059 -3060 -3062 -3063 -3064 -3065 -3065 -3063 -3062 -3063 -3063 -3059 -3059 -3042 -2919 -2828 -2713 -2649 -2472 -2315 -2050 -1988 -1950 -1926 -1900 -1667 -1662 -1723 -1719 -1697 -1659 -1524 -1484 -1402 -1101 -967 -953 -1009 -1135 -942 -745 -685 -768 -838 -884 -818 -765 -716 -664 -625 -709 -675 -654 -647 -605 -562 -535 -493 -448 -410 -370 -324 -290 -251 -230 -215 -189 -175 -161 -151 -143 -135 -129 -124 -121 -119 -116
-3054 -3055 -3056 -3056 -3057 -3058 -3059 -3059 -3060 -3060 -3063 -3064 -3064 -3065 -3064 -3063 -3063 -3063 -3063 -3059 -3059 -3014 -2900 -2879 -2791 -2724 -2534 -2303 -2136 -1992 -1936 -1909 -1863 -1695 -1669 -1664 -1726 -1727 -1669 -1438 -1236 -1199 -1068 -970 -959 -1010 -1104 -1026 -812 -762 -779 -796 -834 -783 -737 -694 -649 -613 -593 -701 -661 -650 -624 -567 -537 -490 -450 -412 -374 -329 -292 -253 -229 -207 -184 -171 -160 -150 -141 -136 -127 -124 -121 -120 -113
-3055 -3056 -3057 -3056 -3057 -3058 -3059 -3060 -3060 -3061 -3063 -3064 -3065 -3065 -3065 -3064 -3064 -3063 -3063 -3060 -3059 -3041 -2958 -2975 -2859 -2706 -2562 -2285 -2192 -1929 -1906 -1878 -1752 -1638 -1603 -1582 -1653 -1713 -1618 -1223 -1144 -1108 -1051 -1049 -1039 -1040 -1071 -1077 -906 -857 -821 -797 -800 -744 -711 -689 -669 -644 -589 -574 -695 -648 -619 -568 -514 -489 -448 -412 -375 -333 -291 -252 -224 -204 -184 -171 -158 -148 -140 -135 -128 -124 -120 -117 -112
-3055 -3055 -3057 -3057 -3058 -3059 -3060 -3060 -3060 -3061 -3063 -3064 -3065 -3065 -3066 -3064 -3064 -3063 -3062 -3060 -3059 -3057 -2961 -2949 -2978 -2840 -2495 -2394 -2304 -1917 -1878 -1886 -1751 -1722 -1635 -1657 -1696 -1716 -1498 -1232 -1158 -1129 -1092 -1064 -1061 -1075 -1063 -1040 -1049 -906 -837 -789 -752 -720 -693 -677 -667 -655 -651 -627 -631 -614 -587 -558 -528 -483 -446 -408 -376 -335 -288 -250 -225 -215 -183 -165 -156 -142 -137 -130 -127 -123 -118 -117 -112
-3056 -3056 -3058 -3059 -3058 -3059 -3060 -3061 -3061 -3061 -3063 -3064 -3065 -3065 -3065 -3064 -3063 -3062 -3062 -3060 -3059 -3059 -3055 -3034 -3005 -2719 -2503 -2412 -2242 -2103 -1873 -1799 -1685 -1673 -1648 -1656 -1700 -1688 -1454 -1356 -1245 -1231 -1187 -1131 -1085 -1092 -1092 -1076 -1069 -911 -851 -766 -746 -715 -685 -670 -664 -660 -661 -659 -606 -587 -567 -554 -530 -488 -444 -407 -368 -324 -281 -242 -225 -212 -176 -163 -153 -140 -134 -129 -125 -121 -116 -114 -110
-3056 -3057 -3058 -3058 -3058 -3059 -3061 -3061 -3061 -3062 -3063 -3066 -3067 -3065 -3065 -3064 -3064 -3063 -3063 -3062 -3061 -3060 -3054 -3038 -3012 -2800 -2511 -2378 -2181 -2081 -1886 -1758 -1568 -1605 -1611 -1488 -1520 -1673 -1549 -1419 -1279 -1221 -1193 -1157 -1113 -1116 -1114 -1130 -1112 -946 -845 -788 -750 -718 -685 -672 -662 -651 -648 -636 -597 -572 -564 -549 -531 -496 -445 -409 -358 -313 -268 -236 -213 -205 -169 -160 -144 -138 -133 -125 -121 -117 -114 -111 -108
-3057 -3058 -3059 -3058 -3059 -3060 -3061 -3062 -3062 -3063 -3064 -3066 -3067 -3066 -3066 -3065 -3065 -3064 -3063 -3062 -3062 -3061 -3055 -3030 -3017 -2968 -2487 -2313 -2193 -2039 -1938 -1773 -1641 -1623 -1624 -1531 -1539 -1610 -1510 -1436 -1365 -1280 -1232 -1179 -1163 -1163 -1145 -1128 -1114 -1068 -862 -802 -758 -718 -691 -680 -667 -653 -647 -631 -591 -569 -563 -548 -531 -509 -461 -411 -363 -330 -254 -223 -210 -180 -165 -151 -139 -134 -128 -121 -118 -115 -113 -107 -106
-3058 -3058 -3059 -3059 -3059 -3061 -3062 -3062 -3063 -3064 -3064 -3066 -3067 -3067 -3067 -3066 -3066 -3065 -3064 -3064 -3063 -3062 -3060 -3044 -3040 -2954 -2430 -2245 -2191 -2145 -2044 -1904 -1659 -1641 -1646 -1607 -1647 -1537 -1360 -1177 -1300 -1297 -1261 -1202 -1187 -1187 -1166 -1149 -1128 -1082 -877 -817 -771 -722 -687 -679 -646 -636 -628 -604 -577 -565 -561 -540 -530 -511 -464 -408 -358 -335 -247 -225 -201 -167 -157 -144 -136 -129 -124 -120 -116 -114 -108 -107 -104
-3059 -3058 -3058 -3059 -3060 -3061 -3063 -3064 -3064 -3064 -3065 -3066 -3067 -3067 -3067 -3067 -3066 -3066 -3064 -3064 -3064 -3063 -3060 -3055 -3051 -2804 -2605 -2176 -2168 -2121 -2025 -1903 -1739 -1740 -1650 -1606 -1670 -1377 -1223 -1221 -1226 -1239 -1224 -1187 -1210 -1184 -1164 -1149 -1138 -1130 -871 -824 -774 -716 -677 -663 -563 -586 -579 -561 -556 -548 -540 -528 -513 -482 -433 -378 -325 -278 -257 -210 -174 -160 -147 -134 -129 -123 -119 -117 -112 -109 -107 -105 -101
-3059 -3058 -3059 -3060 -3061 -3062 -3063 -3064 -3065 -3065 -3065 -3066 -3067 -3067 -3068 -3068 -3067 -3067 -3065 -3066 -3066 -3065 -3060 -3057 -3051 -2809 -2535 -2309 -2191 -1942 -1896 -1884 -1762 -1751 -1744 -1630 -1675 -1622 -1367 -1316 -1267 -1205 -1163 -1141 -1174 -1173 -1157 -1148 -1149 -1150 -877 -790 -756 -711 -673 -646 -553 -557 -557 -549 -532 -527 -523 -516 -488 -448 -398 -340 -284 -229 -232 -206 -165 -149 -138 -132 -126 -121 -116 -112 -109 -105 -103 -100 -96
-3058 -3058 -3060 -3060 -3061 -3062 -3064 -3065 -3065 -3066 -3066 -3066 -3068 -3068 -3068 -3069 -3067 -3067 -3066 -3067 -3067 -3065 -3062 -3060 -3054 -2799 -2509 -2291 -2176 -1822 -1859 -1865 -1765 -1750 -1721 -1681 -1640 -1596 -1596 -1496 -1227 -1079 -1036 -1047 -1123 -1113 -1135 -1145 -1168 -1174 -913 -729 -712 -686 -641 -579 -557 -553 -550 -544 -531 -525 -520 -504 -462 -422 -376 -317 -249 -217 -203 -171 -155 -143 -134 -126 -120 -115 -113 -108 -107 -102 -101 -95 -89
-3059 -3060 -3061 -3061 -3062 -3063 -3064 -3065 -3066 -3066 -3066 -3067 -3067 -3068 -3069 -3070 -3069 -3068 -3066 -3067 -3067 -3066 -3065 -3062 -3057 -2776 -2521 -2139 -1919 -1879 -1944 -1869 -1812 -1728 -1679 -1676 -1621 -1542 -1569 -1543 -1132 -975 -997 -1115 -1152 -1065 -999 -1038 -1059 -1085 -1044 -710 -681 -661 -640 -593 -537 -543 -545 -545 -539 -528 -521 -497 -434 -412 -351 -291 -235 -203 -180 -165 -154 -139 -130 -124 -120 -115 -112 -107 -103 -101 -97 -91 -78
-3060 -3061 -3061 -3061 -3062 -3063 -3064 -3065 -3066 -3066 -3066 -3067 -3068 -3069 -3070 -3071 -3071 -3069 -3068 -3068 -3067 -3067 -3068 -3066 -3024 -2782 -2463 -2160 -2014 -1981 -1908 -1881 -1826 -1680 -1587 -1587 -1579 -1574 -1578 -1570 -1159 -926 -951 -1103 -1105 -877 -874 -956 -996 -1001 -1004 -708 -671 -646 -631 -617 -584 -522 -543 -546 -545 -535 -522 -496 -453 -414 -332 -266 -219 -193 -179 -164 -149 -136 -122 -117 -112 -110 -107 -104 -101 -100 -92 -85 -68
-3061 -3060 -3061 -3062 -3062 -3063 -3065 -3065 -3066 -3066 -3067 -3067 -3068 -3070 -3071 -3072 -3072 -3070 -3069 -3069 -3069 -3070 -3070 -3070 -3025 -2756 -2425 -2197 -2179 -2062 -1967 -1913 -1806 -1721 -1610 -1597 -1581 -1570 -1565 -1568 -1417 -996 -925 -1061 -1024 -909 -840 -910 -941 -939 -957 -725 -676 -651 -628 -617 -619 -562 -552 -555 -552 -543 -530 -493 -454 -416 -308 -250 -207 -191 -178 -162 -146 -130 -120 -118 -115 -112 -109 -104 -100 -96 -89 -73 -54
