DataFiles/etopo1_-130_-124_38_45_1min.asc
ncols        391
nrows        421
xllcorner    -130.000000000000
yllcorner    38.000000000000
cellsize     0.016666666667
nodata_value    -99999
[rows 210 to 244 of 421, columns 0 to 78 of 391]
-3166 -3193 -3208 -3214 -3211 -3201 -3183 -3160 -3128 -3096 -3064 -3030 -2990 -2951 -2917 -2899 -2901 -2933 -2989 -3061 -3129 -3182 -3212 -3217 -3199 -3159 -3107 -3061 -3044 -3065 -3123 -3200 -3266 -3311 -3320 -3310 -3297 -3286 -3280 -3280 -3285 -3283 -3258 -3187 -3066 -2980 -3014 -3114 -3210 -3255 -3227 -3194 -3225 -3270 -3275 -3264 -3261 -3268 -3274 -3278 -3280 -3280 -3276 -3268 -3257 -3247 -3244 -3248 -3257 -3268 -3275 -3279 -3279 -3276 -3268 -3253 -3233 -3219 -3215
-3087 -3122 -3140 -3145 -3131 -3104 -3065 -3021 -2966 -2916 -2864 -2825 -2800 -2790 -2805 -2838 -2897 -2967 -3042 -3112 -3173 -3217 -3235 -3231 -3204 -3162 -3104 -3057 -3042 -3064 -3125 -3204 -3271 -3320 -3330 -3321 -3308 -3293 -3283 -3278 -3281 -3277 -3254 -3198 -3098 -3017 -3058 -3143 -3234 -3289 -3245 -3197 -3226 -3273 -3280 -3271 -3269 -3272 -3272 -3276 -3278 -3279 -3278 -3275 -3270 -3266 -3266 -3269 -3274 -3280 -3284 -3287 -3284 -3277 -3263 -3247 -3223 -3209 -3203
-2984 -3027 -3050 -3051 -3030 -2987 -2924 -2850 -2773 -2703 -2650 -2619 -2619 -2648 -2710 -2794 -2895 -2996 -3086 -3159 -3215 -3249 -3258 -3243 -3209 -3159 -3101 -3054 -3038 -3058 -3114 -3188 -3259 -3311 -3333 -3331 -3319 -3304 -3290 -3283 -3281 -3276 -3258 -3221 -3163 -3122 -3131 -3181 -3251 -3289 -3257 -3217 -3229 -3263 -3278 -3275 -3264 -3258 -3263 -3273 -3278 -3278 -3278 -3278 -3276 -3276 -3278 -3281 -3284 -3287 -3288 -3286 -3280 -3266 -3245 -3219 -3191 -3173 -3175
-2878 -2928 -2955 -2951 -2923 -2865 -2780 -2680 -2587 -2502 -2459 -2442 -2475 -2538 -2646 -2770 -2903 -3025 -3123 -3198 -3248 -3275 -3272 -3249 -3207 -3155 -3093 -3045 -3031 -3048 -3102 -3171 -3247 -3305 -3333 -3338 -3328 -3313 -3299 -3289 -3286 -3280 -3270 -3255 -3226 -3211 -3192 -3207 -3266 -3310 -3269 -3215 -3233 -3266 -3277 -3274 -3253 -3237 -3254 -3275 -3281 -3279 -3278 -3278 -3278 -3280 -3282 -3285 -3287 -3288 -3286 -3281 -3270 -3252 -3224 -3190 -3156 -3131 -3150
-2785 -2841 -2869 -2864 -2824 -2751 -2651 -2542 -2441 -2364 -2328 -2335 -2390 -2489 -2626 -2778 -2925 -3052 -3153 -3225 -3268 -3283 -3272 -3241 -3194 -3139 -3081 -3038 -3027 -3049 -3102 -3172 -3243 -3301 -3333 -3341 -3334 -3320 -3310 -3302 -3297 -3289 -3279 -3266 -3252 -3237 -3219 -3227 -3271 -3305 -3282 -3247 -3248 -3266 -3274 -3267 -3246 -3234 -3253 -3278 -3287 -3284 -3280 -3277 -3277 -3279 -3281 -3283 -3285 -3285 -3281 -3273 -3259 -3237 -3205 -3169 -3138 -3126 -3146
-2718 -2773 -2797 -2787 -2734 -2651 -2543 -2432 -2336 -2271 -2249 -2278 -2357 -2481 -2642 -2813 -2961 -3085 -3181 -3244 -3277 -3280 -3260 -3221 -3171 -3116 -3062 -3025 -3024 -3053 -3111 -3182 -3249 -3304 -3334 -3344 -3337 -3323 -3319 -3315 -3308 -3299 -3285 -3269 -3258 -3241 -3221 -3218 -3267 -3314 -3290 -3260 -3261 -3273 -3276 -3268 -3245 -3230 -3256 -3288 -3292 -3288 -3282 -3276 -3276 -3276 -3277 -3278 -3279 -3279 -3275 -3266 -3251 -3228 -3197 -3162 -3139 -3130 -3155
-2683 -2723 -2735 -2712 -2652 -2564 -2458 -2353 -2268 -2218 -2215 -2264 -2367 -2512 -2687 -2862 -3009 -3124 -3209 -3260 -3278 -3268 -3237 -3192 -3137 -3082 -3037 -3014 -3024 -3064 -3126 -3197 -3259 -3307 -3334 -3345 -3342 -3333 -3327 -3321 -3311 -3300 -3289 -3276 -3258 -3236 -3218 -3219 -3255 -3287 -3282 -3266 -3269 -3279 -3279 -3269 -3254 -3248 -3263 -3283 -3292 -3291 -3286 -3280 -3276 -3274 -3273 -3273 -3274 -3274 -3271 -3263 -3249 -3227 -3200 -3173 -3154 -3150 -3166
-2678 -2697 -2691 -2655 -2590 -2502 -2403 -2309 -2241 -2207 -2227 -2293 -2418 -2574 -2756 -2928 -3063 -3164 -3233 -3269 -3268 -3244 -3202 -3151 -3090 -3038 -3005 -2998 -3024 -3074 -3143 -3214 -3269 -3309 -3332 -3342 -3340 -3334 -3325 -3318 -3304 -3294 -3292 -3284 -3258 -3230 -3217 -3218 -3253 -3278 -3272 -3256 -3270 -3286 -3283 -3274 -3265 -3261 -3270 -3282 -3288 -3290 -3288 -3283 -3274 -3268 -3266 -3269 -3271 -3271 -3269 -3263 -3249 -3231 -3207 -3186 -3165 -3159 -3162
-2695 -2690 -2666 -2620 -2552 -2471 -2386 -2311 -2263 -2252 -2290 -2376 -2511 -2674 -2841 -2994 -3114 -3199 -3248 -3263 -3246 -3206 -3152 -3091 -3031 -2985 -2968 -2982 -3024 -3086 -3156 -3223 -3272 -3304 -3322 -3328 -3326 -3319 -3310 -3299 -3289 -3286 -3293 -3288 -3255 -3226 -3230 -3254 -3276 -3283 -3273 -3262 -3268 -3279 -3279 -3275 -3272 -3273 -3276 -3281 -3284 -3286 -3286 -3280 -3266 -3255 -3258 -3267 -3271 -3272 -3270 -3263 -3250 -3231 -3207 -3182 -3159 -3144 -3137
-2713 -2692 -2656 -2606 -2543 -2472 -2406 -2352 -2327 -2336 -2391 -2487 -2626 -2784 -2928 -3059 -3156 -3223 -3251 -3248 -3214 -3159 -3094 -3026 -2967 -2928 -2930 -2962 -3020 -3092 -3164 -3227 -3268 -3294 -3306 -3308 -3304 -3296 -3287 -3278 -3275 -3274 -3293 -3298 -3242 -3206 -3242 -3301 -3311 -3302 -3278 -3260 -3264 -3273 -3270 -3267 -3271 -3280 -3282 -3282 -3282 -3282 -3284 -3279 -3257 -3238 -3251 -3268 -3273 -3273 -3270 -3263 -3248 -3227 -3199 -3170 -3141 -3116 -3101
-2707 -2682 -2649 -2608 -2558 -2506 -2461 -2430 -2426 -2453 -2518 -2618 -2743 -2877 -2999 -3102 -3180 -3226 -3238 -3220 -3175 -3111 -3036 -2963 -2909 -2884 -2898 -2944 -3011 -3088 -3160 -3219 -3256 -3277 -3285 -3284 -3278 -3271 -3267 -3267 -3272 -3280 -3287 -3271 -3220 -3194 -3251 -3322 -3337 -3314 -3281 -3259 -3259 -3263 -3254 -3247 -3260 -3278 -3287 -3287 -3284 -3282 -3281 -3273 -3254 -3241 -3250 -3266 -3273 -3273 -3269 -3260 -3243 -3218 -3187 -3153 -3120 -3090 -3069
-2663 -2655 -2637 -2619 -2590 -2564 -2543 -2535 -2550 -2588 -2658 -2750 -2855 -2962 -3057 -3134 -3191 -3219 -3215 -3183 -3130 -3061 -2977 -2902 -2856 -2842 -2869 -2924 -2997 -3077 -3148 -3205 -3237 -3254 -3258 -3257 -3249 -3244 -3248 -3259 -3272 -3285 -3289 -3270 -3217 -3176 -3272 -3360 -3354 -3312 -3274 -3250 -3257 -3264 -3239 -3219 -3245 -3278 -3290 -3291 -3288 -3282 -3281 -3274 -3254 -3241 -3251 -3268 -3271 -3269 -3266 -3257 -3237 -3209 -3175 -3137 -3100 -3068 -3046
-2570 -2595 -2612 -2625 -2631 -2636 -2644 -2660 -2690 -2736 -2799 -2875 -2956 -3035 -3105 -3159 -3193 -3202 -3183 -3140 -3078 -3003 -2919 -2848 -2809 -2808 -2842 -2903 -2979 -3058 -3128 -3181 -3212 -3227 -3229 -3225 -3220 -3221 -3232 -3251 -3272 -3291 -3299 -3288 -3263 -3263 -3322 -3374 -3348 -3294 -3263 -3255 -3259 -3255 -3234 -3220 -3239 -3269 -3288 -3295 -3294 -3289 -3284 -3274 -3256 -3244 -3250 -3263 -3266 -3263 -3260 -3252 -3233 -3203 -3166 -3125 -3087 -3055 -3035
-2432 -2518 -2582 -2639 -2683 -2718 -2752 -2786 -2827 -2876 -2930 -2988 -3047 -3099 -3146 -3178 -3189 -3180 -3146 -3093 -3023 -2945 -2861 -2795 -2768 -2776 -2819 -2885 -2963 -3041 -3109 -3160 -3191 -3204 -3206 -3200 -3199 -3203 -3220 -3243 -3271 -3296 -3312 -3322 -3313 -3326 -3360 -3393 -3328 -3256 -3250 -3262 -3264 -3259 -3238 -3223 -3240 -3266 -3283 -3294 -3294 -3293 -3289 -3280 -3260 -3243 -3252 -3263 -3260 -3254 -3255 -3251 -3235 -3204 -3164 -3118 -3080 -3051 -3038
-2264 -2424 -2562 -2670 -2750 -2809 -2856 -2900 -2946 -2993 -3040 -3085 -3125 -3158 -3180 -3188 -3178 -3151 -3106 -3043 -2966 -2882 -2805 -2751 -2734 -2752 -2802 -2872 -2952 -3030 -3098 -3148 -3179 -3193 -3196 -3194 -3193 -3199 -3215 -3240 -3268 -3295 -3315 -3328 -3331 -3337 -3343 -3334 -3290 -3249 -3247 -3263 -3268 -3263 -3252 -3245 -3252 -3264 -3274 -3281 -3287 -3290 -3290 -3284 -3271 -3260 -3260 -3261 -3255 -3250 -3254 -3255 -3244 -3215 -3168 -3120 -3082 -3061 -3057
-2154 -2386 -2590 -2733 -2829 -2892 -2938 -2984 -3028 -3077 -3117 -3156 -3181 -3200 -3201 -3191 -3163 -3120 -3068 -3000 -2915 -2828 -2760 -2715 -2711 -2738 -2796 -2871 -2954 -3033 -3100 -3150 -3181 -3196 -3202 -3201 -3201 -3205 -3221 -3241 -3267 -3292 -3311 -3323 -3324 -3314 -3304 -3279 -3255 -3234 -3247 -3270 -3274 -3271 -3270 -3269 -3269 -3269 -3268 -3268 -3276 -3283 -3286 -3287 -3281 -3275 -3271 -3265 -3252 -3244 -3252 -3261 -3249 -3223 -3165 -3115 -3084 -3077 -3086
-2177 -2465 -2691 -2839 -2916 -2954 -2983 -3020 -3064 -3113 -3155 -3188 -3208 -3214 -3206 -3183 -3145 -3094 -3035 -2963 -2878 -2795 -2734 -2701 -2705 -2742 -2806 -2887 -2973 -3054 -3119 -3167 -3196 -3212 -3219 -3221 -3222 -3226 -3236 -3251 -3270 -3288 -3303 -3310 -3306 -3294 -3276 -3254 -3239 -3234 -3247 -3266 -3279 -3286 -3290 -3291 -3286 -3278 -3271 -3267 -3270 -3275 -3278 -3281 -3284 -3285 -3279 -3267 -3251 -3243 -3250 -3255 -3237 -3198 -3143 -3098 -3085 -3095 -3117
-2310 -2626 -2841 -2971 -3006 -2997 -2998 -3019 -3062 -3120 -3164 -3197 -3213 -3213 -3199 -3169 -3126 -3070 -3009 -2937 -2852 -2773 -2721 -2697 -2713 -2759 -2830 -2918 -3007 -3090 -3151 -3194 -3221 -3236 -3244 -3246 -3247 -3250 -3254 -3262 -3274 -3285 -3293 -3294 -3288 -3275 -3258 -3244 -3234 -3234 -3246 -3264 -3282 -3297 -3304 -3307 -3300 -3289 -3280 -3272 -3270 -3271 -3270 -3271 -3280 -3288 -3284 -3273 -3253 -3238 -3249 -3254 -3223 -3173 -3123 -3081 -3091 -3116 -3143
-2510 -2792 -2991 -3092 -3090 -3040 -3002 -2997 -3042 -3104 -3157 -3192 -3208 -3205 -3187 -3153 -3106 -3049 -2984 -2912 -2831 -2761 -2716 -2706 -2732 -2789 -2871 -2962 -3054 -3131 -3188 -3226 -3250 -3263 -3269 -3270 -3269 -3268 -3268 -3271 -3276 -3281 -3283 -3280 -3271 -3259 -3246 -3236 -3231 -3234 -3246 -3263 -3283 -3299 -3305 -3307 -3306 -3301 -3292 -3282 -3275 -3271 -3267 -3266 -3271 -3278 -3281 -3277 -3261 -3249 -3254 -3251 -3216 -3166 -3127 -3108 -3114 -3135 -3158
-2724 -2960 -3116 -3197 -3157 -3078 -3025 -2990 -3045 -3105 -3159 -3189 -3205 -3197 -3176 -3134 -3082 -3021 -2956 -2889 -2811 -2747 -2708 -2712 -2760 -2837 -2938 -3027 -3116 -3180 -3224 -3253 -3272 -3284 -3287 -3286 -3282 -3278 -3274 -3273 -3274 -3277 -3275 -3270 -3260 -3248 -3239 -3232 -3229 -3231 -3244 -3262 -3280 -3294 -3296 -3296 -3301 -3308 -3302 -3293 -3287 -3277 -3270 -3264 -3262 -3264 -3275 -3282 -3267 -3254 -3265 -3264 -3218 -3165 -3143 -3141 -3143 -3155 -3168
-2904 -3076 -3181 -3218 -3194 -3144 -3101 -3084 -3108 -3148 -3184 -3207 -3213 -3199 -3164 -3111 -3046 -2979 -2915 -2852 -2787 -2729 -2690 -2704 -2792 -2917 -3034 -3128 -3190 -3229 -3252 -3269 -3280 -3288 -3290 -3288 -3283 -3277 -3271 -3268 -3267 -3269 -3269 -3264 -3254 -3243 -3239 -3235 -3227 -3226 -3239 -3259 -3272 -3278 -3279 -3279 -3286 -3296 -3305 -3309 -3303 -3291 -3278 -3267 -3260 -3258 -3265 -3271 -3271 -3272 -3278 -3268 -3224 -3178 -3160 -3161 -3165 -3170 -3178
-3024 -3156 -3202 -3207 -3202 -3196 -3183 -3186 -3191 -3204 -3217 -3222 -3216 -3188 -3129 -3063 -2987 -2923 -2868 -2818 -2766 -2719 -2674 -2681 -2816 -2990 -3111 -3211 -3242 -3257 -3261 -3267 -3272 -3277 -3276 -3275 -3270 -3266 -3260 -3256 -3257 -3260 -3265 -3265 -3254 -3241 -3241 -3242 -3225 -3215 -3232 -3255 -3261 -3262 -3263 -3263 -3270 -3279 -3297 -3316 -3312 -3304 -3291 -3275 -3264 -3257 -3258 -3261 -3269 -3279 -3286 -3280 -3231 -3181 -3170 -3176 -3180 -3184 -3187
-3068 -3163 -3190 -3182 -3186 -3203 -3227 -3247 -3247 -3240 -3229 -3216 -3189 -3139 -3050 -2962 -2899 -2858 -2824 -2790 -2752 -2711 -2680 -2705 -2827 -2988 -3118 -3205 -3238 -3245 -3245 -3244 -3245 -3246 -3246 -3245 -3244 -3243 -3242 -3244 -3248 -3256 -3264 -3267 -3261 -3251 -3244 -3235 -3221 -3213 -3223 -3240 -3250 -3255 -3258 -3261 -3265 -3271 -3279 -3290 -3302 -3310 -3304 -3291 -3276 -3264 -3259 -3258 -3263 -3271 -3279 -3269 -3232 -3191 -3173 -3175 -3188 -3198 -3196
-3057 -3165 -3167 -3143 -3161 -3187 -3229 -3262 -3246 -3227 -3194 -3166 -3113 -3053 -2929 -2829 -2803 -2802 -2797 -2780 -2757 -2728 -2703 -2719 -2829 -2967 -3078 -3160 -3194 -3205 -3209 -3209 -3209 -3209 -3208 -3208 -3211 -3215 -3220 -3228 -3238 -3251 -3264 -3272 -3270 -3262 -3251 -3235 -3221 -3210 -3218 -3231 -3243 -3252 -3258 -3264 -3266 -3267 -3262 -3259 -3285 -3309 -3310 -3304 -3290 -3276 -3267 -3261 -3259 -3258 -3268 -3263 -3227 -3189 -3174 -3173 -3195 -3213 -3200
-3029 -3107 -3136 -3138 -3150 -3170 -3188 -3191 -3170 -3135 -3096 -3046 -2968 -2874 -2779 -2718 -2729 -2766 -2792 -2796 -2783 -2762 -2748 -2765 -2833 -2925 -3016 -3086 -3132 -3157 -3169 -3174 -3175 -3174 -3173 -3173 -3177 -3184 -3195 -3209 -3226 -3244 -3261 -3274 -3277 -3273 -3262 -3247 -3232 -3222 -3224 -3233 -3242 -3252 -3260 -3266 -3268 -3266 -3260 -3258 -3272 -3289 -3301 -3305 -3300 -3291 -3280 -3269 -3262 -3259 -3260 -3249 -3216 -3184 -3178 -3188 -3204 -3210 -3199
-3010 -3080 -3114 -3128 -3135 -3141 -3124 -3095 -3058 -3007 -2967 -2908 -2817 -2710 -2657 -2628 -2691 -2764 -2806 -2827 -2825 -2813 -2802 -2806 -2843 -2897 -2967 -3025 -3081 -3115 -3137 -3145 -3149 -3148 -3147 -3146 -3150 -3158 -3172 -3190 -3212 -3235 -3256 -3272 -3281 -3282 -3274 -3262 -3247 -3237 -3236 -3242 -3248 -3256 -3264 -3270 -3272 -3270 -3266 -3264 -3267 -3272 -3286 -3299 -3304 -3305 -3296 -3281 -3272 -3262 -3257 -3244 -3206 -3171 -3178 -3201 -3213 -3215 -3201
-3027 -3074 -3103 -3113 -3106 -3086 -3054 -3007 -2955 -2897 -2844 -2783 -2712 -2649 -2622 -2638 -2701 -2776 -2826 -2855 -2870 -2870 -2857 -2851 -2868 -2905 -2957 -3011 -3060 -3098 -3122 -3135 -3140 -3140 -3137 -3135 -3137 -3143 -3156 -3175 -3198 -3222 -3246 -3265 -3277 -3282 -3278 -3270 -3260 -3253 -3251 -3254 -3260 -3267 -3274 -3278 -3277 -3274 -3273 -3272 -3270 -3270 -3277 -3288 -3304 -3312 -3312 -3300 -3285 -3267 -3254 -3233 -3200 -3173 -3173 -3191 -3214 -3226 -3213
-3069 -3095 -3106 -3101 -3084 -3041 -3004 -2941 -2878 -2807 -2751 -2697 -2655 -2633 -2631 -2670 -2727 -2802 -2846 -2880 -2909 -2923 -2902 -2885 -2896 -2928 -2972 -3023 -3066 -3102 -3128 -3143 -3150 -3148 -3144 -3139 -3138 -3140 -3150 -3164 -3184 -3207 -3230 -3251 -3265 -3274 -3275 -3273 -3269 -3266 -3266 -3269 -3276 -3283 -3289 -3290 -3285 -3278 -3279 -3282 -3276 -3274 -3279 -3281 -3307 -3311 -3319 -3303 -3289 -3260 -3246 -3223 -3192 -3167 -3163 -3174 -3211 -3242 -3225
-3119 -3120 -3117 -3107 -3085 -3048 -2987 -2915 -2835 -2761 -2702 -2658 -2633 -2629 -2646 -2685 -2739 -2801 -2860 -2907 -2934 -2941 -2927 -2914 -2924 -2953 -2993 -3040 -3084 -3121 -3151 -3169 -3176 -3175 -3169 -3161 -3154 -3151 -3152 -3159 -3172 -3189 -3208 -3228 -3244 -3257 -3265 -3270 -3273 -3277 -3281 -3288 -3296 -3304 -3308 -3306 -3294 -3284 -3282 -3284 -3281 -3281 -3291 -3302 -3311 -3309 -3292 -3275 -3260 -3247 -3225 -3198 -3174 -3158 -3153 -3168 -3201 -3228 -3228
-3165 -3148 -3131 -3110 -3080 -3049 -2964 -2893 -2807 -2743 -2693 -2661 -2648 -2650 -2676 -2709 -2759 -2807 -2873 -2928 -2947 -2950 -2941 -2931 -2944 -2972 -3008 -3056 -3110 -3153 -3190 -3206 -3215 -3213 -3206 -3194 -3183 -3171 -3164 -3160 -3163 -3171 -3185 -3203 -3220 -3237 -3251 -3264 -3275 -3285 -3296 -3306 -3317 -3325 -3328 -3323 -3303 -3285 -3287 -3291 -3288 -3278 -3280 -3275 -3240 -3214 -3150 -3135 -3127 -3156 -3152 -3144 -3140 -3136 -3136 -3154 -3188 -3219 -3226
-3198 -3168 -3135 -3095 -3039 -2972 -2898 -2831 -2780 -2743 -2717 -2703 -2701 -2713 -2737 -2769 -2808 -2850 -2895 -2931 -2948 -2952 -2953 -2953 -2957 -2973 -3009 -3064 -3133 -3198 -3232 -3249 -3256 -3257 -3249 -3236 -3219 -3200 -3182 -3167 -3159 -3157 -3164 -3177 -3196 -3217 -3238 -3257 -3276 -3293 -3309 -3323 -3336 -3343 -3343 -3330 -3306 -3288 -3295 -3306 -3300 -3266 -3209 -3128 -3015 -2912 -2828 -2799 -2826 -2904 -2981 -3053 -3081 -3092 -3108 -3135 -3176 -3211 -3222
-3210 -3168 -3125 -3074 -2995 -2903 -2848 -2791 -2782 -2773 -2771 -2771 -2778 -2794 -2816 -2845 -2872 -2902 -2925 -2941 -2951 -2954 -2963 -2970 -2964 -2965 -2992 -3046 -3122 -3215 -3242 -3268 -3283 -3292 -3286 -3274 -3250 -3226 -3199 -3178 -3162 -3153 -3157 -3164 -3185 -3205 -3230 -3253 -3277 -3298 -3317 -3330 -3345 -3350 -3350 -3333 -3302 -3280 -3306 -3325 -3303 -3213 -3038 -2854 -2642 -2494 -2388 -2354 -2392 -2528 -2686 -2894 -2978 -3038 -3084 -3116 -3170 -3215 -3220
-3191 -3143 -3097 -3047 -2983 -2918 -2876 -2850 -2844 -2845 -2850 -2856 -2864 -2878 -2895 -2915 -2934 -2951 -2961 -2966 -2967 -2967 -2969 -2970 -2965 -2961 -2966 -2992 -3051 -3123 -3188 -3242 -3281 -3304 -3305 -3291 -3267 -3239 -3211 -3188 -3174 -3168 -3171 -3180 -3194 -3212 -3233 -3256 -3279 -3299 -3314 -3326 -3337 -3342 -3338 -3321 -3293 -3284 -3317 -3335 -3271 -3085 -2741 -2393 -2159 -2021 -1932 -1887 -1905 -2021 -2271 -2567 -2820 -2996 -3084 -3128 -3175 -3211 -3220
-3127 -3092 -3061 -3035 -3005 -2976 -2960 -2952 -2943 -2940 -2941 -2946 -2952 -2959 -2970 -2981 -2992 -2999 -3004 -3000 -2990 -2979 -2970 -2967 -2965 -2961 -2942 -2932 -2977 -3023 -3108 -3182 -3246 -3294 -3303 -3292 -3268 -3243 -3219 -3201 -3196 -3195 -3199 -3207 -3215 -3226 -3240 -3257 -3273 -3287 -3284 -3285 -3284 -3288 -3284 -3280 -3262 -3257 -3308 -3311 -3163 -2912 -2385 -1906 -1722 -1641 -1588 -1550 -1550 -1604 -1941 -2298 -2684 -2976 -3094 -3138 -3193 -3223 -3227
-3022 -3021 -3027 -3037 -3052 -3065 -3068 -3062 -3047 -3034 -3030 -3031 -3033 -3036 -3037 -3040 -3045 -3048 -3047 -3036 -3012 -2987 -2970 -2964 -2964 -2957 -2936 -2926 -2954 -2997 -3041 -3097 -3179 -3252 -3283 -3279 -3259 -3237 -3229 -3227 -3227 -3228 -3230 -3233 -3235 -3238 -3243 -3249 -3252 -3244 -3215 -3186 -3159 -3154 -3155 -3174 -3198 -3237 -3268 -3202 -2937 -2528 -2074 -1689 -1516 -1460 -1466 -1476 -1514 -1625 -1903 -2258 -2630 -2926 -3096 -3180 -3226 -3245 -3242
