DataFiles/etopo1_-130_-124_38_45_1min.asc
ncols        391
nrows        421
xllcorner    -130.000000000000
yllcorner    38.000000000000
cellsize     0.016666666667
nodata_value    -99999
[rows 315 to 349 of 421, columns 0 to 78 of 391]
-4550 -4574 -4594 -4608 -4608 -4597 -4575 -4547 -4519 -4494 -4478 -4469 -4471 -4480 -4498 -4519 -4541 -4561 -4577 -4588 -4594 -4596 -4591 -4585 -4580 -4575 -4566 -4558 -4554 -4553 -4543 -4537 -4532 -4533 -4542 -4554 -4561 -4566 -4568 -4567 -4561 -4551 -4538 -4526 -4518 -4516 -4524 -4537 -4554 -4571 -4584 -4592 -4596 -4595 -4591 -4583 -4571 -4558 -4543 -4530 -4519 -4513 -4513 -4517 -4524 -4531 -4539 -4545 -4549 -4550 -4550 -4547 -4545 -4542 -4540 -4538 -4535 -4525 -4487
-4557 -4575 -4591 -4601 -4599 -4586 -4563 -4534 -4506 -4481 -4463 -4454 -4455 -4464 -4481 -4502 -4526 -4547 -4563 -4573 -4577 -4577 -4577 -4576 -4576 -4574 -4570 -4564 -4557 -4547 -4535 -4524 -4517 -4516 -4521 -4530 -4542 -4552 -4558 -4558 -4553 -4543 -4531 -4520 -4514 -4513 -4522 -4536 -4554 -4572 -4586 -4595 -4599 -4598 -4591 -4580 -4564 -4548 -4533 -4522 -4514 -4509 -4507 -4508 -4515 -4526 -4538 -4549 -4556 -4559 -4559 -4556 -4551 -4545 -4541 -4535 -4527 -4510 -4477
-4560 -4574 -4586 -4593 -4591 -4578 -4556 -4528 -4501 -4476 -4459 -4449 -4449 -4456 -4472 -4492 -4517 -4539 -4554 -4563 -4565 -4564 -4568 -4571 -4573 -4573 -4570 -4564 -4549 -4531 -4516 -4504 -4498 -4497 -4501 -4509 -4528 -4542 -4551 -4551 -4545 -4535 -4523 -4513 -4507 -4508 -4517 -4533 -4552 -4571 -4586 -4595 -4599 -4596 -4587 -4572 -4552 -4532 -4519 -4510 -4507 -4503 -4500 -4498 -4505 -4517 -4533 -4549 -4560 -4566 -4567 -4564 -4558 -4549 -4541 -4530 -4516 -4495 -4467
-4560 -4571 -4581 -4587 -4586 -4576 -4558 -4534 -4509 -4485 -4468 -4458 -4456 -4461 -4475 -4494 -4516 -4537 -4552 -4561 -4564 -4565 -4568 -4570 -4571 -4569 -4564 -4554 -4533 -4511 -4492 -4480 -4476 -4479 -4488 -4503 -4523 -4540 -4547 -4546 -4537 -4525 -4513 -4503 -4497 -4499 -4509 -4525 -4545 -4565 -4581 -4591 -4594 -4589 -4576 -4557 -4535 -4516 -4504 -4499 -4499 -4498 -4491 -4487 -4491 -4504 -4522 -4541 -4557 -4567 -4571 -4569 -4562 -4552 -4540 -4525 -4507 -4484 -4459
-4563 -4570 -4579 -4585 -4586 -4580 -4566 -4547 -4526 -4504 -4488 -4476 -4473 -4475 -4486 -4502 -4523 -4542 -4558 -4567 -4572 -4573 -4574 -4573 -4569 -4562 -4553 -4539 -4512 -4485 -4465 -4454 -4453 -4461 -4476 -4498 -4518 -4537 -4541 -4538 -4526 -4512 -4497 -4487 -4481 -4484 -4494 -4511 -4532 -4554 -4570 -4580 -4582 -4577 -4560 -4539 -4515 -4495 -4485 -4483 -4484 -4487 -4475 -4468 -4471 -4484 -4502 -4524 -4543 -4560 -4566 -4567 -4561 -4551 -4536 -4518 -4496 -4473 -4448
-4571 -4575 -4581 -4587 -4589 -4586 -4578 -4565 -4549 -4531 -4515 -4503 -4497 -4497 -4504 -4517 -4534 -4552 -4568 -4580 -4585 -4586 -4583 -4578 -4569 -4557 -4539 -4516 -4486 -4458 -4438 -4428 -4431 -4442 -4461 -4483 -4503 -4519 -4525 -4522 -4509 -4493 -4476 -4464 -4458 -4460 -4471 -4488 -4510 -4533 -4550 -4561 -4563 -4556 -4539 -4517 -4493 -4473 -4461 -4457 -4456 -4454 -4447 -4441 -4444 -4455 -4473 -4494 -4517 -4536 -4548 -4554 -4551 -4542 -4527 -4506 -4480 -4454 -4428
-4581 -4581 -4584 -4588 -4590 -4591 -4587 -4581 -4569 -4556 -4540 -4528 -4518 -4516 -4519 -4530 -4544 -4562 -4578 -4592 -4596 -4596 -4589 -4580 -4566 -4550 -4524 -4495 -4464 -4435 -4418 -4409 -4415 -4428 -4448 -4467 -4486 -4498 -4505 -4503 -4489 -4471 -4454 -4439 -4433 -4433 -4444 -4460 -4484 -4507 -4526 -4537 -4540 -4532 -4516 -4494 -4471 -4450 -4438 -4429 -4426 -4421 -4418 -4413 -4417 -4425 -4442 -4461 -4484 -4505 -4522 -4533 -4535 -4528 -4513 -4491 -4463 -4433 -4406
-4587 -4584 -4583 -4584 -4586 -4588 -4588 -4585 -4577 -4566 -4553 -4540 -4529 -4524 -4525 -4534 -4547 -4563 -4580 -4594 -4598 -4595 -4585 -4571 -4556 -4537 -4512 -4482 -4454 -4429 -4413 -4407 -4412 -4424 -4442 -4460 -4475 -4484 -4488 -4483 -4470 -4452 -4434 -4418 -4410 -4409 -4417 -4433 -4456 -4479 -4499 -4512 -4515 -4509 -4495 -4475 -4454 -4435 -4421 -4411 -4405 -4401 -4398 -4397 -4399 -4404 -4416 -4432 -4453 -4474 -4493 -4507 -4513 -4509 -4496 -4474 -4446 -4416 -4387
-4586 -4580 -4575 -4574 -4575 -4579 -4580 -4580 -4575 -4567 -4555 -4542 -4529 -4522 -4522 -4530 -4544 -4560 -4577 -4590 -4593 -4589 -4577 -4559 -4546 -4528 -4506 -4479 -4455 -4433 -4420 -4414 -4417 -4427 -4442 -4458 -4471 -4477 -4477 -4468 -4456 -4438 -4418 -4400 -4389 -4386 -4391 -4405 -4426 -4449 -4469 -4484 -4489 -4485 -4472 -4455 -4436 -4419 -4406 -4397 -4391 -4389 -4388 -4388 -4388 -4391 -4398 -4409 -4426 -4445 -4464 -4480 -4488 -4488 -4477 -4457 -4431 -4402 -4373
-4575 -4566 -4559 -4556 -4558 -4562 -4566 -4568 -4566 -4560 -4548 -4535 -4522 -4513 -4513 -4522 -4538 -4556 -4572 -4581 -4584 -4580 -4570 -4557 -4545 -4529 -4510 -4487 -4464 -4445 -4432 -4426 -4427 -4435 -4447 -4460 -4471 -4476 -4473 -4465 -4450 -4431 -4409 -4387 -4371 -4363 -4365 -4376 -4394 -4416 -4436 -4452 -4458 -4456 -4446 -4431 -4414 -4399 -4389 -4383 -4380 -4381 -4383 -4385 -4385 -4386 -4389 -4395 -4406 -4421 -4438 -4453 -4462 -4465 -4457 -4441 -4418 -4392 -4365
-4557 -4545 -4537 -4535 -4538 -4544 -4551 -4555 -4557 -4552 -4541 -4525 -4511 -4501 -4501 -4510 -4530 -4551 -4565 -4572 -4574 -4570 -4564 -4557 -4547 -4536 -4518 -4498 -4477 -4458 -4444 -4436 -4435 -4440 -4450 -4462 -4471 -4476 -4473 -4465 -4450 -4430 -4404 -4377 -4356 -4342 -4339 -4346 -4362 -4382 -4402 -4418 -4424 -4424 -4416 -4404 -4390 -4377 -4370 -4368 -4370 -4375 -4381 -4386 -4387 -4386 -4386 -4387 -4392 -4401 -4413 -4426 -4436 -4440 -4436 -4424 -4405 -4383 -4358
-4535 -4523 -4516 -4516 -4522 -4531 -4542 -4550 -4553 -4548 -4536 -4520 -4504 -4493 -4492 -4502 -4522 -4543 -4557 -4564 -4565 -4562 -4558 -4554 -4548 -4539 -4524 -4506 -4485 -4465 -4449 -4439 -4436 -4439 -4447 -4457 -4466 -4471 -4470 -4463 -4449 -4429 -4402 -4372 -4345 -4326 -4317 -4319 -4331 -4348 -4366 -4381 -4389 -4389 -4384 -4374 -4363 -4354 -4351 -4353 -4360 -4370 -4380 -4388 -4391 -4391 -4388 -4385 -4384 -4386 -4393 -4400 -4408 -4412 -4411 -4403 -4390 -4372 -4352
-4514 -4503 -4501 -4504 -4516 -4528 -4543 -4553 -4557 -4552 -4538 -4519 -4502 -4488 -4487 -4494 -4514 -4535 -4548 -4555 -4556 -4554 -4553 -4550 -4547 -4540 -4527 -4510 -4488 -4466 -4447 -4434 -4427 -4429 -4436 -4446 -4455 -4462 -4463 -4458 -4447 -4429 -4401 -4370 -4339 -4314 -4301 -4297 -4305 -4318 -4334 -4347 -4355 -4357 -4354 -4346 -4338 -4332 -4333 -4339 -4352 -4366 -4380 -4389 -4394 -4395 -4390 -4384 -4379 -4375 -4375 -4377 -4381 -4384 -4383 -4379 -4369 -4357 -4342
-4499 -4493 -4496 -4507 -4524 -4542 -4557 -4567 -4570 -4563 -4547 -4526 -4506 -4491 -4487 -4493 -4507 -4522 -4533 -4541 -4546 -4549 -4550 -4549 -4545 -4538 -4525 -4507 -4483 -4458 -4435 -4419 -4411 -4410 -4417 -4428 -4439 -4447 -4450 -4449 -4441 -4425 -4401 -4371 -4340 -4312 -4293 -4283 -4285 -4294 -4307 -4319 -4327 -4330 -4328 -4323 -4317 -4315 -4320 -4331 -4346 -4363 -4376 -4385 -4391 -4393 -4390 -4383 -4374 -4367 -4361 -4358 -4356 -4355 -4353 -4350 -4344 -4336 -4326
-4493 -4493 -4504 -4520 -4542 -4563 -4577 -4585 -4584 -4575 -4556 -4533 -4510 -4494 -4490 -4493 -4501 -4509 -4516 -4522 -4530 -4539 -4542 -4543 -4539 -4532 -4519 -4500 -4473 -4445 -4420 -4400 -4390 -4388 -4395 -4407 -4418 -4428 -4433 -4435 -4430 -4419 -4400 -4375 -4345 -4315 -4292 -4277 -4274 -4278 -4288 -4298 -4306 -4310 -4309 -4305 -4302 -4301 -4307 -4320 -4335 -4354 -4363 -4373 -4380 -4385 -4383 -4378 -4369 -4359 -4349 -4340 -4332 -4326 -4321 -4318 -4314 -4310 -4304
-4500 -4507 -4523 -4544 -4565 -4583 -4594 -4598 -4593 -4580 -4558 -4533 -4510 -4495 -4491 -4493 -4495 -4496 -4497 -4501 -4508 -4517 -4523 -4526 -4524 -4518 -4506 -4487 -4461 -4432 -4405 -4384 -4372 -4369 -4374 -4384 -4395 -4405 -4412 -4415 -4413 -4406 -4396 -4379 -4354 -4325 -4299 -4281 -4273 -4273 -4278 -4284 -4291 -4295 -4296 -4294 -4292 -4291 -4294 -4302 -4314 -4326 -4337 -4347 -4358 -4366 -4369 -4367 -4360 -4350 -4337 -4323 -4309 -4297 -4290 -4285 -4282 -4279 -4277
-4513 -4527 -4546 -4568 -4584 -4597 -4602 -4601 -4591 -4575 -4550 -4525 -4502 -4487 -4485 -4490 -4484 -4480 -4475 -4475 -4481 -4490 -4497 -4502 -4504 -4501 -4491 -4474 -4450 -4422 -4396 -4374 -4362 -4356 -4359 -4366 -4376 -4385 -4391 -4394 -4393 -4390 -4387 -4381 -4359 -4334 -4309 -4289 -4278 -4274 -4274 -4277 -4281 -4284 -4286 -4286 -4284 -4282 -4282 -4283 -4288 -4295 -4306 -4317 -4331 -4343 -4351 -4353 -4350 -4340 -4326 -4308 -4289 -4271 -4263 -4257 -4255 -4251 -4252
-4531 -4547 -4564 -4580 -4591 -4596 -4595 -4588 -4573 -4553 -4529 -4504 -4485 -4473 -4471 -4470 -4465 -4457 -4450 -4448 -4452 -4460 -4468 -4477 -4483 -4484 -4478 -4463 -4443 -4420 -4396 -4376 -4363 -4356 -4355 -4359 -4365 -4371 -4375 -4377 -4376 -4374 -4373 -4368 -4355 -4337 -4317 -4300 -4287 -4279 -4275 -4274 -4274 -4275 -4276 -4277 -4276 -4274 -4271 -4268 -4267 -4270 -4280 -4292 -4308 -4322 -4333 -4339 -4338 -4331 -4316 -4297 -4275 -4256 -4246 -4241 -4240 -4239 -4236
-4548 -4563 -4575 -4583 -4586 -4583 -4573 -4560 -4540 -4519 -4495 -4476 -4462 -4455 -4456 -4454 -4448 -4436 -4428 -4422 -4424 -4430 -4440 -4451 -4461 -4468 -4464 -4455 -4440 -4422 -4403 -4386 -4373 -4364 -4361 -4361 -4363 -4365 -4366 -4365 -4363 -4361 -4360 -4355 -4349 -4338 -4324 -4309 -4296 -4286 -4277 -4272 -4268 -4267 -4266 -4267 -4267 -4267 -4262 -4257 -4253 -4253 -4263 -4276 -4292 -4306 -4319 -4326 -4326 -4319 -4303 -4285 -4263 -4245 -4234 -4229 -4229 -4232 -4224
-4560 -4571 -4577 -4577 -4570 -4557 -4538 -4516 -4492 -4471 -4455 -4444 -4441 -4443 -4449 -4451 -4442 -4428 -4414 -4404 -4401 -4404 -4414 -4426 -4439 -4448 -4451 -4448 -4439 -4427 -4414 -4400 -4388 -4379 -4373 -4369 -4367 -4366 -4364 -4361 -4358 -4356 -4354 -4352 -4348 -4340 -4329 -4316 -4303 -4291 -4280 -4269 -4262 -4257 -4254 -4254 -4256 -4257 -4255 -4251 -4249 -4251 -4259 -4272 -4286 -4299 -4309 -4314 -4311 -4300 -4283 -4264 -4248 -4235 -4224 -4216 -4213 -4213 -4213
-4565 -4571 -4571 -4564 -4549 -4527 -4499 -4469 -4445 -4425 -4417 -4416 -4424 -4436 -4450 -4458 -4447 -4428 -4409 -4393 -4386 -4385 -4394 -4407 -4422 -4434 -4442 -4444 -4442 -4436 -4428 -4418 -4408 -4398 -4391 -4384 -4380 -4375 -4371 -4366 -4362 -4359 -4359 -4357 -4353 -4345 -4332 -4320 -4309 -4299 -4286 -4271 -4259 -4250 -4246 -4245 -4247 -4250 -4252 -4252 -4253 -4256 -4265 -4276 -4287 -4297 -4303 -4303 -4294 -4280 -4261 -4243 -4235 -4228 -4215 -4204 -4198 -4195 -4201
-4560 -4563 -4558 -4547 -4526 -4497 -4465 -4433 -4410 -4396 -4394 -4402 -4418 -4437 -4455 -4464 -4456 -4438 -4415 -4394 -4382 -4378 -4386 -4400 -4417 -4431 -4440 -4445 -4449 -4449 -4445 -4439 -4431 -4422 -4414 -4407 -4400 -4393 -4387 -4381 -4377 -4374 -4372 -4369 -4361 -4349 -4336 -4324 -4319 -4312 -4299 -4282 -4267 -4254 -4248 -4245 -4247 -4250 -4255 -4259 -4264 -4270 -4276 -4284 -4291 -4296 -4296 -4290 -4275 -4258 -4245 -4234 -4229 -4222 -4211 -4198 -4190 -4188 -4192
-4548 -4548 -4542 -4531 -4509 -4479 -4447 -4413 -4394 -4383 -4389 -4402 -4424 -4446 -4465 -4475 -4471 -4454 -4430 -4403 -4386 -4379 -4388 -4403 -4423 -4439 -4447 -4451 -4459 -4464 -4465 -4460 -4453 -4445 -4439 -4432 -4425 -4416 -4409 -4402 -4398 -4394 -4392 -4387 -4376 -4360 -4346 -4332 -4335 -4333 -4320 -4301 -4285 -4269 -4262 -4256 -4257 -4259 -4265 -4271 -4276 -4283 -4287 -4293 -4296 -4296 -4292 -4281 -4263 -4244 -4241 -4237 -4236 -4226 -4214 -4197 -4190 -4186 -4188
-4532 -4528 -4525 -4518 -4505 -4481 -4450 -4420 -4400 -4394 -4403 -4421 -4445 -4466 -4481 -4488 -4487 -4474 -4448 -4419 -4396 -4388 -4398 -4418 -4440 -4456 -4461 -4463 -4471 -4480 -4483 -4480 -4472 -4464 -4458 -4454 -4447 -4440 -4433 -4427 -4422 -4418 -4414 -4407 -4396 -4382 -4370 -4362 -4359 -4357 -4346 -4331 -4314 -4299 -4288 -4281 -4278 -4278 -4281 -4284 -4286 -4288 -4294 -4298 -4300 -4297 -4290 -4279 -4264 -4255 -4256 -4260 -4255 -4244 -4226 -4209 -4197 -4192 -4191
-4525 -4516 -4520 -4517 -4512 -4497 -4466 -4437 -4420 -4417 -4431 -4451 -4473 -4491 -4498 -4500 -4499 -4491 -4460 -4430 -4404 -4395 -4407 -4433 -4455 -4475 -4474 -4472 -4482 -4494 -4494 -4491 -4479 -4470 -4463 -4463 -4454 -4451 -4445 -4445 -4440 -4437 -4431 -4425 -4414 -4404 -4393 -4388 -4382 -4379 -4369 -4359 -4342 -4329 -4314 -4307 -4299 -4298 -4297 -4298 -4295 -4293 -4301 -4306 -4306 -4301 -4293 -4283 -4272 -4266 -4270 -4279 -4265 -4254 -4230 -4215 -4201 -4197 -4198
-4538 -4536 -4537 -4535 -4527 -4511 -4484 -4459 -4445 -4448 -4463 -4484 -4501 -4511 -4513 -4510 -4501 -4484 -4455 -4426 -4404 -4398 -4411 -4434 -4458 -4475 -4480 -4482 -4488 -4494 -4492 -4484 -4470 -4456 -4447 -4441 -4436 -4436 -4437 -4441 -4442 -4442 -4439 -4434 -4425 -4415 -4404 -4396 -4390 -4385 -4378 -4370 -4357 -4344 -4331 -4320 -4313 -4310 -4308 -4307 -4307 -4308 -4315 -4319 -4316 -4308 -4300 -4291 -4279 -4270 -4265 -4259 -4246 -4230 -4214 -4201 -4195 -4197 -4203
-4559 -4564 -4563 -4560 -4547 -4528 -4499 -4475 -4462 -4469 -4484 -4510 -4519 -4525 -4521 -4513 -4496 -4472 -4444 -4416 -4401 -4397 -4411 -4432 -4456 -4474 -4482 -4486 -4490 -4491 -4486 -4474 -4457 -4437 -4424 -4413 -4412 -4413 -4422 -4430 -4438 -4441 -4441 -4437 -4428 -4417 -4404 -4394 -4389 -4385 -4383 -4376 -4367 -4353 -4342 -4330 -4325 -4320 -4319 -4318 -4322 -4326 -4332 -4334 -4326 -4315 -4307 -4298 -4282 -4266 -4250 -4231 -4217 -4199 -4190 -4183 -4186 -4194 -4206
-4577 -4585 -4585 -4580 -4565 -4541 -4510 -4482 -4465 -4466 -4483 -4505 -4519 -4524 -4521 -4508 -4488 -4463 -4436 -4412 -4400 -4400 -4414 -4435 -4457 -4475 -4485 -4489 -4492 -4491 -4484 -4471 -4452 -4430 -4413 -4402 -4399 -4403 -4414 -4426 -4435 -4439 -4439 -4433 -4423 -4411 -4399 -4391 -4389 -4390 -4390 -4386 -4377 -4366 -4355 -4345 -4339 -4335 -4334 -4336 -4342 -4347 -4347 -4343 -4333 -4322 -4311 -4297 -4279 -4257 -4235 -4214 -4197 -4184 -4178 -4177 -4183 -4193 -4207
-4592 -4601 -4603 -4597 -4583 -4558 -4525 -4491 -4471 -4461 -4480 -4500 -4517 -4522 -4519 -4505 -4485 -4460 -4435 -4413 -4403 -4404 -4419 -4440 -4462 -4479 -4489 -4492 -4496 -4495 -4489 -4476 -4457 -4435 -4418 -4404 -4402 -4406 -4418 -4430 -4439 -4442 -4440 -4431 -4419 -4405 -4394 -4387 -4390 -4396 -4397 -4396 -4388 -4378 -4369 -4362 -4355 -4351 -4349 -4352 -4356 -4362 -4355 -4346 -4336 -4325 -4310 -4293 -4271 -4247 -4224 -4203 -4188 -4179 -4177 -4180 -4189 -4199 -4212
-4604 -4615 -4618 -4613 -4600 -4579 -4551 -4520 -4498 -4487 -4497 -4513 -4526 -4530 -4525 -4511 -4491 -4466 -4442 -4423 -4414 -4415 -4427 -4446 -4467 -4484 -4496 -4502 -4506 -4505 -4501 -4491 -4474 -4455 -4438 -4426 -4423 -4427 -4437 -4447 -4453 -4454 -4448 -4436 -4421 -4406 -4394 -4389 -4391 -4397 -4402 -4402 -4397 -4390 -4383 -4377 -4371 -4365 -4361 -4359 -4359 -4358 -4352 -4343 -4332 -4320 -4304 -4285 -4262 -4239 -4218 -4200 -4189 -4185 -4187 -4195 -4205 -4216 -4226
-4616 -4626 -4628 -4624 -4614 -4601 -4586 -4563 -4549 -4530 -4535 -4539 -4545 -4545 -4538 -4523 -4502 -4478 -4455 -4436 -4426 -4425 -4434 -4450 -4468 -4486 -4499 -4509 -4516 -4518 -4520 -4513 -4500 -4481 -4466 -4453 -4451 -4454 -4461 -4469 -4473 -4471 -4462 -4448 -4431 -4414 -4402 -4395 -4398 -4402 -4406 -4407 -4404 -4399 -4395 -4390 -4383 -4375 -4368 -4361 -4356 -4350 -4345 -4336 -4326 -4313 -4296 -4276 -4254 -4233 -4214 -4201 -4195 -4196 -4204 -4217 -4231 -4243 -4252
-4624 -4632 -4632 -4626 -4619 -4617 -4620 -4623 -4613 -4600 -4585 -4575 -4568 -4562 -4551 -4536 -4515 -4491 -4468 -4450 -4437 -4433 -4437 -4447 -4460 -4475 -4489 -4505 -4520 -4532 -4543 -4540 -4528 -4508 -4489 -4478 -4475 -4478 -4484 -4490 -4493 -4489 -4479 -4464 -4447 -4431 -4419 -4413 -4412 -4413 -4413 -4411 -4409 -4405 -4401 -4396 -4389 -4380 -4371 -4363 -4355 -4348 -4341 -4333 -4322 -4307 -4289 -4268 -4247 -4228 -4212 -4203 -4203 -4210 -4225 -4244 -4263 -4278 -4288
-4627 -4632 -4626 -4618 -4609 -4611 -4624 -4654 -4641 -4643 -4613 -4597 -4584 -4576 -4562 -4546 -4525 -4503 -4480 -4460 -4445 -4436 -4432 -4435 -4439 -4448 -4459 -4478 -4503 -4527 -4553 -4553 -4539 -4510 -4491 -4483 -4483 -4491 -4498 -4505 -4507 -4505 -4495 -4482 -4467 -4452 -4442 -4436 -4434 -4431 -4426 -4419 -4414 -4409 -4404 -4399 -4390 -4381 -4371 -4363 -4356 -4350 -4342 -4333 -4321 -4305 -4285 -4264 -4244 -4226 -4212 -4207 -4211 -4225 -4246 -4271 -4296 -4317 -4330
-4619 -4618 -4607 -4594 -4581 -4574 -4576 -4584 -4591 -4596 -4592 -4587 -4581 -4575 -4564 -4549 -4530 -4508 -4486 -4465 -4447 -4432 -4419 -4409 -4402 -4399 -4402 -4419 -4448 -4490 -4521 -4536 -4505 -4471 -4452 -4454 -4465 -4481 -4494 -4506 -4511 -4511 -4505 -4497 -4486 -4475 -4468 -4463 -4459 -4454 -4445 -4434 -4423 -4413 -4405 -4398 -4388 -4378 -4369 -4363 -4358 -4353 -4347 -4338 -4326 -4309 -4289 -4267 -4246 -4228 -4216 -4213 -4221 -4240 -4266 -4297 -4327 -4352 -4368
-4600 -4595 -4581 -4564 -4549 -4531 -4519 -4501 -4523 -4532 -4554 -4562 -4567 -4566 -4558 -4546 -4529 -4510 -4489 -4467 -4446 -4425 -4402 -4379 -4356 -4338 -4321 -4322 -4331 -4373 -4377 -4422 -4366 -4359 -4361 -4395 -4421 -4452 -4473 -4492 -4501 -4507 -4507 -4505 -4500 -4495 -4490 -4487 -4483 -4477 -4465 -4450 -4433 -4417 -4406 -4397 -4386 -4376 -4370 -4365 -4364 -4361 -4357 -4349 -4338 -4321 -4301 -4278 -4257 -4238 -4228 -4224 -4235 -4255 -4284 -4316 -4347 -4376 -4392
