DataFiles/etopo1_-126_-123_40_45_1min.asc
ncols        181
nrows        301
xllcorner    -125.783560000000
yllcorner    39.645260000000
cellsize     0.016666666667
nodata_value    -99999
[rows 228 to 265 of 301, columns 0 to 84 of 181]
-3113 -3101 -3084 -3071 -3060 -3058 -3056 -3054 -3051 -3049 -3044 -3035 -3025 -3017 -3010 -3003 -2996 -2988 -2983 -2989 -2993 -2995 -2992 -2979 -2965 -2953 -2941 -2928 -2914 -2911 -2908 -2907 -2910 -2970 -2966 -2964 -2964 -2967 -2970 -2988 -2988 -2970 -2966 -2976 -2981 -2979 -2976 -2977 -2970 -2963 -2949 -2920 -2902 -2883 -2852 -2599 -2470 -2281 -1943 -1625 -1420 -1272 -1150 -1064 -968 -879 -796 -727 -701 -640 -609 -592 -580 -567 -549 -525 -492 -456 -423 -379 -330 -269 -206 -160 -131
-3108 -3092 -3075 -3068 -3066 -3063 -3059 -3054 -3049 -3045 -3040 -3031 -3021 -3012 -3005 -2995 -2987 -2980 -2978 -2982 -2987 -2987 -2981 -2969 -2954 -2942 -2929 -2916 -2905 -2900 -2894 -2883 -2896 -2954 -2949 -2946 -2944 -2943 -2940 -2936 -2942 -2950 -2951 -2954 -2961 -2955 -2948 -2936 -2927 -2913 -2900 -2883 -2872 -2852 -2803 -2524 -2441 -2246 -1933 -1629 -1467 -1291 -1184 -1128 -1030 -927 -826 -730 -683 -660 -688 -679 -593 -572 -550 -525 -493 -457 -423 -375 -320 -242 -178 -142 -109
-3106 -3086 -3067 -3068 -3075 -3071 -3065 -3056 -3048 -3042 -3039 -3030 -3018 -3009 -3001 -2988 -2981 -2974 -2972 -2976 -2982 -2979 -2970 -2959 -2944 -2932 -2920 -2907 -2898 -2894 -2891 -2868 -2862 -2908 -2931 -2927 -2922 -2918 -2915 -2916 -2913 -2907 -2906 -2913 -2906 -2896 -2895 -2900 -2903 -2899 -2876 -2835 -2833 -2823 -2622 -2443 -2410 -2222 -1858 -1604 -1450 -1321 -1261 -1167 -1057 -946 -826 -705 -641 -590 -589 -582 -597 -569 -545 -518 -485 -452 -408 -356 -264 -184 -145 -107 -91
-3094 -3083 -3073 -3070 -3073 -3073 -3068 -3057 -3045 -3040 -3036 -3031 -3020 -3007 -2993 -2985 -2977 -2968 -2962 -2962 -2967 -2967 -2962 -2951 -2938 -2924 -2912 -2900 -2890 -2884 -2874 -2857 -2853 -2880 -2915 -2907 -2901 -2894 -2887 -2879 -2863 -2861 -2878 -2881 -2882 -2877 -2857 -2855 -2857 -2855 -2843 -2806 -2797 -2781 -2439 -2374 -2363 -2222 -1742 -1517 -1407 -1287 -1244 -1138 -1013 -883 -797 -703 -663 -616 -567 -545 -554 -557 -541 -513 -477 -434 -378 -278 -182 -150 -107 -90 -79
-3085 -3081 -3077 -3071 -3068 -3071 -3072 -3060 -3046 -3051 -3043 -3036 -3019 -3011 -2997 -3001 -2984 -2959 -2941 -2937 -2947 -2950 -2951 -2941 -2930 -2919 -2906 -2894 -2881 -2873 -2864 -2850 -2841 -2851 -2867 -2888 -2878 -2869 -2860 -2849 -2838 -2818 -2811 -2821 -2821 -2820 -2815 -2782 -2782 -2784 -2789 -2779 -2753 -2720 -2446 -2340 -2320 -2215 -1674 -1425 -1354 -1319 -1214 -1097 -927 -828 -779 -708 -680 -630 -611 -580 -570 -561 -538 -500 -460 -398 -284 -191 -156 -113 -92 -81 -70
-3084 -3081 -3077 -3071 -3068 -3069 -3070 -3068 -3069 -3080 -3078 -3037 -3007 -3020 -3048 -3044 -3009 -2952 -2905 -2904 -2920 -2927 -2926 -2922 -2919 -2914 -2905 -2891 -2877 -2867 -2858 -2847 -2837 -2833 -2842 -2868 -2858 -2847 -2834 -2820 -2803 -2785 -2755 -2770 -2779 -2742 -2734 -2738 -2738 -2744 -2753 -2747 -2717 -2673 -2567 -2376 -2293 -2199 -1657 -1341 -1296 -1274 -1216 -1092 -924 -821 -783 -730 -700 -672 -636 -621 -619 -597 -536 -486 -421 -321 -205 -161 -118 -95 -81 -72 -67
-3086 -3081 -3076 -3071 -3067 -3069 -3072 -3075 -3080 -3089 -3097 -2996 -2945 -2991 -3082 -3072 -3036 -2951 -2869 -2884 -2908 -2907 -2897 -2899 -2904 -2905 -2903 -2889 -2873 -2864 -2856 -2847 -2837 -2820 -2811 -2830 -2838 -2825 -2810 -2793 -2773 -2750 -2725 -2688 -2706 -2723 -2696 -2681 -2674 -2669 -2691 -2689 -2653 -2610 -2557 -2451 -2347 -2225 -1650 -1361 -1248 -1231 -1187 -1122 -1061 -992 -908 -842 -774 -715 -686 -666 -643 -621 -537 -461 -352 -227 -169 -125 -99 -82 -74 -64 -60
-3088 -3080 -3074 -3071 -3071 -3071 -3074 -3078 -3072 -3040 -2977 -2893 -2847 -2904 -2990 -3032 -3022 -2964 -2910 -2898 -2903 -2893 -2880 -2878 -2883 -2889 -2890 -2883 -2872 -2863 -2855 -2844 -2830 -2815 -2805 -2805 -2808 -2805 -2790 -2771 -2749 -2724 -2690 -2658 -2625 -2611 -2619 -2620 -2595 -2591 -2607 -2615 -2610 -2568 -2508 -2453 -2373 -2198 -1625 -1357 -1248 -1210 -1162 -1135 -1064 -947 -859 -837 -831 -796 -753 -714 -673 -632 -535 -434 -296 -191 -149 -109 -87 -75 -64 -59 -55
-3087 -3078 -3071 -3071 -3074 -3071 -3071 -3079 -3063 -2999 -2886 -2822 -2755 -2834 -2905 -2970 -2992 -2959 -2930 -2910 -2908 -2885 -2865 -2864 -2867 -2875 -2878 -2874 -2868 -2861 -2853 -2840 -2825 -2815 -2805 -2792 -2781 -2781 -2772 -2752 -2731 -2703 -2672 -2632 -2577 -2590 -2582 -2549 -2549 -2551 -2536 -2579 -2585 -2519 -2441 -2385 -2330 -2076 -1547 -1276 -1230 -1209 -1168 -1091 -1015 -934 -869 -816 -789 -776 -771 -748 -714 -622 -528 -423 -272 -165 -124 -95 -79 -69 -60 -54 -49
-3081 -3074 -3070 -3068 -3068 -3069 -3071 -3077 -3063 -3012 -2942 -2878 -2845 -2859 -2892 -2917 -2923 -2912 -2897 -2890 -2886 -2875 -2864 -2862 -2865 -2867 -2867 -2864 -2860 -2854 -2847 -2837 -2827 -2816 -2804 -2790 -2777 -2768 -2756 -2738 -2716 -2692 -2662 -2629 -2594 -2579 -2580 -2536 -2515 -2470 -2463 -2465 -2521 -2525 -2426 -2314 -2191 -1760 -1418 -1246 -1237 -1207 -1187 -1075 -1005 -938 -882 -822 -685 -647 -702 -730 -716 -640 -482 -395 -209 -155 -111 -88 -73 -60 -53 -48 -41
-3073 -3069 -3066 -3066 -3063 -3067 -3063 -3067 -3062 -3031 -3012 -2951 -2938 -2901 -2902 -2880 -2860 -2858 -2850 -2862 -2866 -2868 -2866 -2868 -2870 -2865 -2859 -2855 -2850 -2845 -2839 -2833 -2827 -2815 -2804 -2791 -2780 -2766 -2748 -2726 -2707 -2685 -2662 -2635 -2609 -2590 -2579 -2539 -2531 -2504 -2492 -2452 -2421 -2413 -2462 -2394 -2159 -1912 -1598 -1161 -1256 -1238 -1151 -1033 -1015 -965 -889 -803 -599 -533 -518 -578 -601 -541 -486 -290 -181 -152 -106 -86 -63 -54 -49 -41 -36
-3065 -3061 -3060 -3063 -3068 -3067 -3061 -3040 -3017 -2994 -2972 -2936 -2905 -2883 -2869 -2851 -2838 -2836 -2840 -2850 -2859 -2869 -2875 -2874 -2870 -2863 -2856 -2849 -2842 -2837 -2832 -2826 -2818 -2809 -2800 -2791 -2783 -2774 -2753 -2715 -2701 -2682 -2663 -2642 -2620 -2609 -2569 -2565 -2538 -2524 -2502 -2478 -2441 -2393 -2327 -2312 -2228 -2069 -1593 -1326 -1405 -1399 -1177 -929 -874 -935 -933 -952 -853 -620 -590 -584 -500 -477 -523 -431 -193 -154 -116 -84 -61 -51 -46 -37 -33
-3057 -3052 -3048 -3048 -3055 -3040 -3035 -2984 -2948 -2929 -2908 -2885 -2845 -2848 -2840 -2836 -2833 -2835 -2845 -2849 -2858 -2870 -2882 -2877 -2868 -2863 -2856 -2847 -2837 -2833 -2827 -2820 -2809 -2804 -2795 -2788 -2781 -2783 -2775 -2730 -2696 -2681 -2666 -2651 -2636 -2612 -2603 -2598 -2592 -2577 -2563 -2574 -2561 -2536 -2539 -2539 -2510 -2449 -2320 -2193 -2078 -1737 -1556 -974 -847 -931 -1062 -1054 -995 -950 -945 -947 -896 -839 -824 -801 -650 -423 -327 -108 -62 -50 -43 -36 -29
-3050 -3042 -3028 -3012 -2990 -2964 -2932 -2901 -2878 -2875 -2875 -2871 -2859 -2853 -2845 -2840 -2838 -2840 -2845 -2850 -2857 -2866 -2873 -2874 -2870 -2865 -2858 -2849 -2840 -2833 -2826 -2816 -2807 -2801 -2795 -2785 -2779 -2780 -2770 -2731 -2691 -2680 -2669 -2660 -2654 -2646 -2649 -2649 -2697 -2645 -2644 -2614 -2669 -2679 -2651 -2619 -2623 -2566 -2463 -2366 -2095 -1754 -1625 -1084 -1023 -1132 -963 -825 -757 -739 -741 -766 -804 -623 -530 -552 -681 -541 -374 -85 -57 -48 -39 -33 -28
-3042 -3030 -3009 -2980 -2934 -2905 -2853 -2850 -2834 -2857 -2873 -2886 -2893 -2879 -2866 -2857 -2851 -2851 -2851 -2855 -2857 -2861 -2863 -2866 -2867 -2860 -2855 -2844 -2838 -2828 -2822 -2808 -2799 -2792 -2791 -2773 -2762 -2762 -2760 -2721 -2685 -2678 -2671 -2668 -2667 -2672 -2683 -2663 -2667 -2643 -2644 -2624 -2635 -2656 -2579 -2462 -2431 -2173 -2013 -1700 -1496 -1673 -1488 -1061 -1119 -1137 -911 -680 -356 -286 -215 -238 -287 -257 -336 -447 -569 -544 -376 -119 -61 -45 -40 -33 -26
-3024 -3016 -2999 -2976 -2949 -2922 -2897 -2882 -2877 -2885 -2898 -2907 -2909 -2900 -2889 -2879 -2873 -2869 -2866 -2865 -2863 -2861 -2858 -2854 -2850 -2844 -2836 -2827 -2818 -2809 -2800 -2788 -2777 -2768 -2759 -2746 -2734 -2727 -2716 -2697 -2679 -2675 -2671 -2671 -2673 -2681 -2690 -2676 -2670 -2658 -2653 -2642 -2635 -2635 -2575 -2400 -2308 -1977 -1836 -1571 -1489 -1600 -1365 -1076 -1127 -967 -759 -260 -205 -189 -156 -160 -162 -165 -204 -330 -412 -348 -332 -108 -59 -44 -40 -34 -25
-3010 -3005 -2996 -2986 -2980 -2964 -2965 -2939 -2934 -2925 -2928 -2923 -2918 -2911 -2904 -2896 -2891 -2883 -2878 -2874 -2866 -2861 -2854 -2843 -2834 -2827 -2817 -2809 -2799 -2790 -2780 -2770 -2754 -2747 -2730 -2722 -2705 -2698 -2681 -2676 -2666 -2671 -2670 -2670 -2674 -2683 -2695 -2685 -2682 -2667 -2663 -2651 -2640 -2634 -2609 -2462 -2257 -2140 -1895 -1740 -1439 -1403 -1438 -1056 -957 -681 -398 -245 -208 -186 -167 -158 -154 -151 -155 -183 -251 -200 -105 -71 -54 -46 -40 -34 -26
-3010 -3002 -2995 -2987 -2980 -2972 -2965 -2957 -2947 -2940 -2931 -2926 -2919 -2912 -2905 -2898 -2891 -2884 -2877 -2869 -2862 -2854 -2846 -2839 -2830 -2822 -2813 -2804 -2795 -2785 -2775 -2764 -2753 -2742 -2729 -2717 -2704 -2692 -2682 -2673 -2666 -2664 -2664 -2666 -2672 -2682 -2698 -2699 -2691 -2683 -2656 -2650 -2632 -2618 -2588 -2561 -2461 -2341 -2161 -1860 -1538 -1304 -1143 -974 -690 -427 -317 -260 -206 -180 -167 -154 -138 -131 -123 -121 -118 -104 -88 -66 -50 -46 -40 -33 -23
-3003 -2995 -2987 -2980 -2972 -2964 -2956 -2948 -2940 -2932 -2924 -2916 -2909 -2902 -2896 -2889 -2882 -2875 -2867 -2859 -2852 -2844 -2837 -2829 -2821 -2812 -2803 -2794 -2785 -2776 -2766 -2755 -2744 -2732 -2719 -2706 -2693 -2680 -2670 -2661 -2656 -2653 -2654 -2658 -2665 -2677 -2692 -2709 -2675 -2660 -2645 -2617 -2615 -2589 -2571 -2554 -2499 -2378 -2282 -1863 -1618 -1204 -1117 -1002 -657 -405 -289 -245 -190 -177 -160 -139 -125 -117 -109 -96 -82 -78 -69 -55 -47 -45 -38 -30 -19
-2996 -2988 -2980 -2972 -2964 -2957 -2949 -2940 -2931 -2922 -2913 -2905 -2899 -2892 -2886 -2880 -2873 -2865 -2857 -2849 -2842 -2835 -2827 -2820 -2811 -2802 -2793 -2784 -2775 -2765 -2757 -2747 -2736 -2723 -2710 -2694 -2680 -2666 -2655 -2646 -2640 -2638 -2639 -2644 -2653 -2666 -2681 -2690 -2678 -2651 -2643 -2621 -2598 -2577 -2551 -2507 -2436 -2370 -2289 -2038 -1885 -1559 -1153 -1043 -876 -447 -323 -218 -176 -156 -143 -129 -119 -103 -92 -80 -66 -58 -54 -47 -45 -41 -37 -26 -17
-2990 -2981 -2972 -2964 -2957 -2949 -2941 -2932 -2922 -2912 -2902 -2894 -2887 -2882 -2877 -2871 -2864 -2857 -2848 -2839 -2831 -2825 -2818 -2810 -2802 -2793 -2783 -2774 -2765 -2756 -2747 -2738 -2728 -2715 -2700 -2683 -2666 -2650 -2637 -2628 -2621 -2618 -2620 -2627 -2637 -2651 -2667 -2678 -2667 -2654 -2612 -2580 -2576 -2563 -2526 -2487 -2441 -2426 -2344 -2223 -1949 -1559 -1325 -1181 -1015 -763 -510 -324 -246 -179 -140 -124 -108 -96 -82 -75 -64 -53 -49 -45 -43 -41 -37 -21 -1
-2984 -2974 -2965 -2956 -2949 -2942 -2936 -2925 -2913 -2901 -2890 -2881 -2875 -2872 -2868 -2863 -2856 -2849 -2838 -2826 -2820 -2814 -2808 -2802 -2794 -2783 -2773 -2766 -2753 -2744 -2738 -2730 -2719 -2712 -2690 -2670 -2653 -2629 -2614 -2606 -2598 -2594 -2596 -2604 -2617 -2629 -2641 -2644 -2628 -2609 -2565 -2558 -2542 -2538 -2530 -2504 -2431 -2378 -2340 -2290 -2178 -2019 -1731 -1583 -1531 -1323 -1169 -763 -545 -356 -186 -118 -105 -91 -79 -69 -55 -43 -34 -42 -41 -38 -30 -17 4
-2980 -2967 -2961 -2946 -2944 -2938 -2934 -2916 -2904 -2887 -2879 -2865 -2864 -2864 -2862 -2855 -2850 -2844 -2827 -2816 -2812 -2807 -2797 -2792 -2781 -2769 -2765 -2753 -2740 -2734 -2727 -2721 -2713 -2709 -2671 -2660 -2642 -2595 -2594 -2584 -2567 -2562 -2560 -2577 -2598 -2610 -2614 -2617 -2590 -2566 -2555 -2555 -2535 -2520 -2505 -2471 -2438 -2387 -2353 -2315 -2224 -2145 -2034 -1961 -1839 -1499 -1224 -895 -644 -465 -284 -120 -104 -84 -77 -58 -40 -35 -36 -38 -35 -29 -21 -12 17
-2979 -2966 -2956 -2942 -2932 -2918 -2915 -2913 -2892 -2873 -2865 -2845 -2838 -2847 -2844 -2840 -2833 -2826 -2816 -2809 -2797 -2783 -2777 -2767 -2756 -2747 -2731 -2729 -2717 -2703 -2680 -2662 -2670 -2658 -2643 -2601 -2569 -2572 -2563 -2540 -2523 -2519 -2536 -2523 -2522 -2552 -2571 -2571 -2565 -2559 -2546 -2527 -2518 -2503 -2468 -2462 -2439 -2402 -2376 -2320 -2250 -2181 -2091 -2026 -1903 -1680 -1332 -828 -659 -597 -199 -131 -113 -90 -78 -69 -50 -39 -36 -35 -31 -26 -17 -5 114
-2981 -2974 -2958 -2938 -2909 -2878 -2857 -2849 -2848 -2863 -2859 -2843 -2832 -2820 -2813 -2813 -2809 -2804 -2800 -2791 -2784 -2775 -2755 -2740 -2737 -2719 -2705 -2698 -2688 -2652 -2652 -2615 -2607 -2598 -2579 -2588 -2526 -2513 -2488 -2481 -2471 -2476 -2457 -2470 -2488 -2496 -2480 -2488 -2504 -2514 -2492 -2491 -2481 -2481 -2457 -2424 -2373 -2343 -2252 -2233 -2161 -2020 -1957 -1889 -1751 -1446 -1175 -906 -605 -544 -276 -152 -123 -105 -82 -74 -59 -54 -42 -32 -29 -25 -11 24 254
-2976 -2932 -2888 -2854 -2803 -2769 -2739 -2711 -2692 -2695 -2720 -2729 -2776 -2812 -2809 -2808 -2798 -2787 -2780 -2776 -2764 -2760 -2740 -2721 -2698 -2688 -2675 -2662 -2654 -2646 -2617 -2607 -2596 -2561 -2538 -2499 -2529 -2490 -2469 -2432 -2430 -2420 -2395 -2394 -2398 -2392 -2406 -2427 -2433 -2457 -2450 -2457 -2456 -2450 -2394 -2334 -2256 -2224 -2143 -2072 -1996 -1909 -1828 -1746 -1616 -1212 -1063 -963 -836 -627 -402 -185 -125 -118 -99 -82 -62 -48 -41 -34 -32 -25 -9 9 187
-2881 -2845 -2789 -2763 -2717 -2631 -2493 -2470 -2444 -2539 -2584 -2613 -2693 -2749 -2794 -2791 -2784 -2774 -2766 -2759 -2754 -2746 -2724 -2714 -2703 -2686 -2679 -2661 -2657 -2644 -2628 -2620 -2585 -2573 -2543 -2541 -2518 -2477 -2506 -2507 -2490 -2474 -2431 -2413 -2407 -2360 -2338 -2319 -2370 -2391 -2370 -2366 -2413 -2407 -2356 -2290 -2169 -2100 -2041 -1987 -1914 -1906 -1832 -1713 -1579 -1306 -1151 -1032 -932 -777 -604 -323 -158 -126 -108 -96 -86 -53 -52 -49 -38 -34 -25 -1 206
-2493 -2471 -2455 -2433 -2421 -2406 -2394 -2396 -2436 -2494 -2515 -2522 -2564 -2605 -2642 -2684 -2735 -2748 -2769 -2737 -2684 -2670 -2673 -2693 -2691 -2688 -2650 -2619 -2594 -2574 -2594 -2574 -2562 -2535 -2528 -2509 -2534 -2510 -2507 -2447 -2453 -2471 -2476 -2466 -2451 -2434 -2402 -2384 -2361 -2349 -2331 -2300 -2292 -2243 -2170 -2103 -1991 -1988 -1947 -1923 -1877 -1889 -1863 -1814 -1613 -1411 -1280 -1126 -969 -889 -739 -639 -457 -236 -146 -110 -99 -91 -77 -65 -50 -38 -31 -14 -1
-2514 -2492 -2471 -2453 -2444 -2440 -2441 -2455 -2486 -2510 -2527 -2535 -2565 -2597 -2624 -2650 -2681 -2691 -2683 -2652 -2632 -2618 -2605 -2601 -2589 -2566 -2531 -2496 -2458 -2438 -2417 -2401 -2377 -2362 -2343 -2335 -2318 -2307 -2284 -2276 -2265 -2268 -2247 -2244 -2256 -2278 -2325 -2362 -2366 -2360 -2346 -2320 -2303 -2293 -2277 -2265 -2244 -2228 -2146 -2138 -2172 -2149 -2120 -2085 -2023 -1891 -1560 -1331 -1147 -1049 -1143 -912 -626 -542 -429 -300 -391 -584 -568 -440 -102 -60 -46 -28 -16
-2562 -2537 -2516 -2498 -2487 -2481 -2483 -2492 -2507 -2522 -2534 -2545 -2561 -2580 -2598 -2615 -2627 -2631 -2621 -2600 -2578 -2558 -2538 -2518 -2494 -2461 -2420 -2372 -2329 -2282 -2244 -2209 -2185 -2156 -2136 -2120 -2106 -2089 -2066 -2053 -2040 -2023 -2012 -2002 -1994 -1971 -1945 -1993 -2014 -2011 -1930 -1902 -1907 -1895 -1920 -1923 -1888 -1793 -1795 -1842 -1820 -1822 -1829 -1975 -1981 -1988 -1939 -1883 -1808 -1717 -1629 -1513 -1129 -762 -770 -945 -733 -601 -393 -286 -379 -330 -160 -39 -20
-2614 -2587 -2564 -2545 -2531 -2521 -2519 -2521 -2527 -2534 -2542 -2548 -2555 -2564 -2574 -2582 -2584 -2581 -2568 -2549 -2526 -2501 -2474 -2444 -2408 -2367 -2315 -2258 -2195 -2128 -2066 -2015 -1978 -1946 -1921 -1902 -1882 -1863 -1844 -1831 -1812 -1795 -1776 -1747 -1693 -1589 -1458 -1285 -1295 -1235 -1194 -1238 -1277 -1385 -1433 -1390 -1431 -1403 -1385 -1395 -1411 -1442 -1465 -1478 -1468 -1443 -1418 -1430 -1470 -1557 -1329 -1213 -1328 -1239 -1140 -836 -545 -357 -228 -115 -106 -87 -74 -49 -32
-2670 -2638 -2612 -2589 -2572 -2558 -2550 -2545 -2544 -2545 -2547 -2548 -2550 -2552 -2553 -2553 -2547 -2539 -2523 -2502 -2475 -2445 -2411 -2373 -2328 -2274 -2212 -2141 -2059 -1975 -1887 -1812 -1763 -1728 -1705 -1684 -1662 -1640 -1619 -1601 -1583 -1565 -1549 -1518 -1474 -1408 -1353 -1233 -1120 -1021 -942 -878 -820 -859 -920 -890 -903 -949 -1115 -1210 -1257 -1308 -1331 -1347 -1364 -1371 -1319 -1293 -1259 -1336 -1506 -1412 -1111 -987 -949 -729 -520 -413 -234 -129 -108 -85 -71 -58 -44
-2723 -2690 -2659 -2632 -2609 -2592 -2577 -2568 -2560 -2555 -2550 -2548 -2545 -2542 -2534 -2528 -2516 -2503 -2481 -2457 -2427 -2394 -2355 -2310 -2256 -2195 -2121 -2040 -1940 -1827 -1693 -1567 -1516 -1495 -1476 -1460 -1438 -1413 -1386 -1369 -1356 -1338 -1325 -1298 -1279 -1229 -1176 -1166 -1114 -998 -949 -895 -814 -804 -789 -728 -684 -642 -535 -566 -794 -921 -1035 -1148 -1165 -1167 -1144 -1152 -1175 -1188 -1160 -1339 -1365 -1317 -1257 -1181 -895 -473 -361 -206 -123 -95 -84 -76 -48
-2773 -2708 -2650 -2605 -2570 -2555 -2545 -2538 -2523 -2505 -2479 -2458 -2431 -2416 -2396 -2390 -2374 -2356 -2319 -2285 -2231 -2183 -2163 -2213 -2195 -2127 -2047 -1955 -1842 -1707 -1481 -1438 -1416 -1392 -1380 -1355 -1325 -1278 -1260 -1243 -1233 -1225 -1206 -1193 -1134 -1080 -1043 -1042 -1106 -1086 -1056 -1009 -933 -823 -776 -722 -614 -506 -444 -411 -375 -394 -443 -460 -602 -688 -724 -777 -901 -905 -890 -948 -923 -892 -940 -1127 -1099 -946 -471 -336 -321 -167 -113 -145 -53
-2816 -2722 -2637 -2579 -2525 -2524 -2518 -2520 -2498 -2478 -2426 -2402 -2339 -2328 -2277 -2288 -2254 -2245 -2180 -2155 -2065 -2004 -1954 -2194 -2145 -2071 -1985 -1883 -1761 -1623 -1475 -1445 -1416 -1392 -1373 -1346 -1297 -1271 -1259 -1240 -1221 -1210 -1185 -1154 -1110 -1072 -1046 -1020 -1000 -973 -913 -856 -833 -817 -798 -773 -647 -578 -539 -516 -488 -455 -427 -412 -378 -351 -437 -466 -444 -469 -398 -341 -246 -217 -236 -387 -656 -846 -851 -728 -609 -457 -278 -80 -44
-2861 -2760 -2676 -2612 -2570 -2563 -2565 -2565 -2553 -2536 -2508 -2477 -2436 -2398 -2360 -2337 -2312 -2288 -2245 -2191 -2110 -2033 -2031 -2153 -2104 -2029 -1943 -1842 -1711 -1566 -1510 -1475 -1442 -1406 -1377 -1346 -1306 -1276 -1258 -1235 -1216 -1194 -1164 -1134 -1100 -1066 -1046 -1027 -1003 -978 -935 -885 -848 -826 -808 -781 -761 -639 -593 -568 -566 -557 -542 -550 -518 -463 -483 -445 -381 -325 -391 -232 -208 -191 -152 -150 -147 -157 -262 -251 -260 -188 -98 -73 -45
-2906 -2820 -2747 -2692 -2660 -2665 -2671 -2670 -2658 -2652 -2647 -2621 -2600 -2546 -2512 -2473 -2449 -2420 -2387 -2321 -2255 -2146 -2089 -2125 -2075 -2001 -1917 -1816 -1691 -1576 -1537 -1504 -1464 -1434 -1397 -1360 -1320 -1287 -1261 -1241 -1217 -1186 -1158 -1129 -1102 -1072 -1048 -1028 -1009 -979 -949 -910 -871 -837 -809 -785 -784 -761 -668 -630 -609 -611 -640 -616 -583 -629 -646 -554 -493 -523 -502 -321 -307 -265 -213 -155 -147 -136 -133 -126 -100 -92 -86 -71 -54
-2983 -2898 -2834 -2795 -2788 -2805 -2823 -2812 -2793 -2784 -2777 -2757 -2725 -2677 -2637 -2610 -2591 -2552 -2502 -2428 -2346 -2247 -2164 -2105 -2056 -1984 -1902 -1815 -1715 -1621 -1563 -1529 -1494 -1462 -1422 -1386 -1344 -1308 -1284 -1260 -1224 -1189 -1167 -1135 -1110 -1077 -1054 -1031 -1009 -987 -966 -933 -897 -864 -834 -811 -795 -787 -764 -702 -669 -646 -641 -651 -707 -676 -644 -632 -622 -592 -541 -487 -479 -434 -360 -224 -215 -207 -147 -129 -125 -109 -98 -77 -55
